1
0
1
0
0
0
1
0.00
0.49971973
0
0.49971973
0
0
0
0.49971973
0.00
0.99928258
0
0.99928258
0.99928258
0
0.99928258
1.99856516
0.00
3.36811984
0
3.36811984
0
0
0
3.36811984
0.00
2.50081632
0
2.50081632
0.50016326
0
0.50016326
3.00097958
0.00
3.30513111
0
3.30513111
0.70108841
0
0.70108841
4.00621952
0.00
1.5
0
1.5
1
0
1
2.5
0.00
1.45
0
1.45
0
0
0
1.45
0.00
1.33
0
1.33
0
0
0
1.33
0.00
2.49
0
2.49
0
0
0
2.49
0.00
2.3
0
2.3
0
0
0
2.3
0.00
1.9
0
1.9
0
0
0
1.9
0.00
1.9
0
1.9
0
0
0
1.9
0.00
2
0
2
0
0
0
2
0.00
1.8
0
1.8
0
0
0
1.8
0.00
1.32
0
1.32
0
0
0
1.32
0.00
--
--
1.9
0.1
0
0.1
2
0.34
--
--
1.7
0.1
0
0.1
1.8
0.29
--
--
1.40594
0.15622
0
0.15622
1.56216
0.25
--
--
0.7
0.5
0
0.5
1.2
0.28
--
--
0.35
0.35
0
0.35
0.7
0.40
--
--
0.1
0.2
0
0.2
0.3
0.17
--
--
0
0
0.2
0.2
0.2
0.00
--
--
0
0
0.3
0.3
0.3
0.00
--
--
0.2
0.5
0.3
0.8
1
0.00
--
--
0.2
0.2
0.8
1
1.2
0.00
--
--
0.5
0.4
0.6
1
1.5
0.00
--
--
0.2
0.4
0.6
1
1.2
0.00
--
--
0.5
0.7
0.3
1
1.5
0.00
--
--
1
1.2
0
1.2
2.2
0.00
--
--
2
0.3
1
1.3
3.3
0.00
--
--
2
0
1
1
3
0.00
--
--
1.5
1.1
0.4
1.5
3
0.00
--
--
1.6
1
0.4
1.4
3
0.00
--
--
1.5
2
0
2
3.5
0.00
--
--
2.5
0.2
0.3
0.5
3
0.00
--
--
2
0
0.5
0.5
2.5
0.00
--
--
1.5
0
0
0
1.5
0.00
--
--
1.3
0
0
0
1.3
0.00
--
--
1.8
0
0.4
0.4
2.2
0.00
--
--
1.5
0.4
0.8
1.2
2.7
0.00
--
--
0
0
0
0
0
0.00
