2.1
0
2.1
0
0
0
2.1
0.00
2.29958798
0
2.29958798
0
0
0
2.29958798
0.00
3.39965914
0
3.39965914
0
0
0
3.39965914
0.00
3.46283787
0
3.46283787
0
0
0
3.46283787
0.00
3
0
3
0
0
0
3
0.00
2.8
0
2.8
0
0
0
2.8
0.00
1.2
0
1.2
0
0
0
1.2
0.00
0.9
0
0.9
0
0
0
0.9
0.00
1.1
0
1.1
0
0
0
1.1
0.00
2.2
0
2.2
0
0
0
2.2
0.00
1.8
0
1.8
0.2
0
0.2
2
0.00
1.7
0
1.7
0.2
0
0.2
1.9
0.00
2.3
0
2.3
0.3
0
0.3
2.6
0.00
1.9
0
1.9
0.2
0
0.2
2.1
0.00
1.8
0
1.8
0.3
0
0.3
2.1
0.00
1.8
0
1.8
0.3
0
0.3
2.1
0.00
--
--
2.4
0.6
0
0.6
3
0.00
--
--
1.5
0.8
0
0.8
2.3
0.00
--
--
1.2
0.8
0
0.8
2
0.00
--
--
1.2
0.8
0
0.8
2
0.00
--
--
0.65
0.65
0
0.65
1.3
0.00
--
--
0.5
0
0
0
0.5
0.00
--
--
0.2
0
0
0
0.2
0.00
--
--
0.25
0.05
0.2
0.25
0.5
0.00
--
--
0.6
0.9
0
0.9
1.5
0.00
--
--
0.3
1
0.2
1.2
1.5
0.00
--
--
1
1
0
1
2
0.00
--
--
0.8
0.8
0
0.8
1.6
0.00
--
--
1.3
0.7
0
0.7
2
0.00
--
--
1.5
1
0
1
2.5
0.00
--
--
2.5
0.8
0
0.8
3.3
0.00
--
--
2
1
0
1
3
0.00
--
--
2
1
0
1
3
0.00
--
--
2
1
0
1
3
0.00
--
--
2
1.95
0.05
2
4
0.00
--
--
1.5
1.86
0.14
2
3.5
0.00
--
--
1.1
1.89
0.31
2.2
3.3
0.00
--
--
1
0.85
0.35
1.2
2.2
0.00
--
--
1
0.65
0.35
1
2
0.00
--
--
1
1
0.8
1.8
2.8
0.00
--
--
1.3
1.3
1
2.3
3.6
0.00
