1.25
0
1.25
0
0
0
1.25
0.00
0.95
0
0.95
0
0
0
0.95
0.00
4.8
0
4.8
0
0
0
4.8
0.00
2.5
0
2.5
0
0
0
2.5
0.00
3.8
0
3.8
0
0
0
3.8
0.00
6.2
0
6.2
0
0
0
6.2
0.00
7
0
7
0
0
0
7
0.00
5.6
0
5.6
0
0
0
5.6
0.00
3.5
0
3.5
0
0
0
3.5
0.00
1.2
0
1.2
0
0
0
1.2
0.00
2.5
0
2.5
0
0
0
2.5
0.00
0.65
0
0.65
0.3
0
0.3
0.95
0.00
4
0
4
0
0
0
4
0.00
7.5
0
7.5
0
0
0
7.5
0.00
4.5
0
4.5
0
0
0
4.5
0.00
0.9
0
0.9
0.3
0
0.3
1.2
0.00
--
--
7
0
0
0
7
0.00
--
--
4.8
0
0
0
4.8
0.00
--
--
5.2
0.3
0
0.3
5.5
0.00
--
--
4.5
1
0
1
5.5
0.00
--
--
2.4
0.8
0
0.8
3.2
0.00
--
--
1.6
0.8
0
0.8
2.4
0.00
--
--
0.6
0.6
0
0.6
1.2
0.00
--
--
0.8
0.3
0.5
0.8
1.6
0.00
--
--
0.7
0.3
0.4
0.7
1.4
0.00
--
--
0.4
0.4
0
0.4
0.8
0.00
--
--
0
0.6
0
0.6
0.6
0.00
--
--
0.35
0.35
0
0.35
0.7
0.00
--
--
0.65
0.65
0
0.65
1.3
0.00
--
--
0.65
0.65
0
0.65
1.3
0.00
--
--
0.6
0.4
0
0.4
1
0.00
--
--
0.7
0.6
0
0.6
1.3
0.00
--
--
1.2
0.8
0
0.8
2
0.00
--
--
0.9
0.8
0
0.8
1.7
0.00
--
--
0.8
1
0
1
1.8
0.00
--
--
1
1
0
1
2
0.00
--
--
1
1
0
1
2
0.00
--
--
1
1
0
1
2
0.00
--
--
0.85
0.7
0.2
0.9
1.75
0.00
--
--
1
0.9
0.2
1.1
2.1
0.00
--
--
0
2.1
0.3
2.4
2.4
0.00
