0.2
0
0.2
0
0
0
0.2
0.00
0.2
0
0.2
0
0
0
0.2
0.00
0.7
0
0.7
0
0
0
0.7
0.00
0
0
0
0
0
0
0
0.00
0.3
0
0.3
0
0
0
0.3
0.00
1.75
0
1.75
0
0
0
1.75
0.00
1.75
0
1.75
0
0
0
1.75
0.00
0
0.2
0.2
0
0
0
0.2
0.00
0
0.5
0.5
0
0
0
0.5
0.00
1
0
1
0
0
0
1
0.00
1.2
0
1.2
0
0
0
1.2
0.00
1.2
0
1.2
0
0
0
1.2
0.00
2
0
2
1
0
1
3
0.00
2.4
0
2.4
0
0
0
2.4
0.00
1.7
0
1.7
0
0
0
1.7
0.00
1
0
1
0
0
0
1
0.00
--
--
2.2
0.2
0
0.2
2.4
0.25
--
--
1.5
0.2
0
0.2
1.7
0.18
--
--
2
0.3
0
0.3
2.3
0.24
--
--
2.5
1
0
1
3.5
0.36
--
--
1.5
1.5
0
1.5
3
0.31
--
--
0.6
0.6
0.2
0.8
1.4
0.12
--
--
0.6
0
0
0
0.6
0.00
--
--
0
0
0
0
0
0.00
--
--
0
0.8
0
0.8
0.8
0.08
--
--
0.43
0.3
0
0.3
0.73
0.08
--
--
0.6
0.4
0.2
0.6
1.2
0.10
--
--
0.5
0.5
0.3
0.8
1.3
0.10
--
--
0.5
0.7
0.3
1
1.5
0.00
--
--
0
0.2
0.3
0.5
0.5
0.00
--
--
0
0
0
0
0
0.00
--
--
0
0
0.3
0.3
0.3
0.00
--
--
0
0.11
0.39
0.5
0.5
0.00
--
--
0
0.4
0.4
0.8
0.8
0.00
--
--
1.8
1.42
0.38
1.8
3.6
0.00
--
--
1
2.5
0.5
3
4
0.00
--
--
0
0
1.6
1.6
1.6
0.00
--
--
0
0
0.5
0.5
0.5
0.00
--
--
0
0
0.5
0.5
0.5
0.00
