0.8
0
0.8
0
0
0
0.8
0.00
1.2
0
1.2
0
0
0
1.2
0.00
1.5
0
1.5
0
0
0
1.5
0.00
1.5
0
1.5
0
0
0
1.5
0.00
1.4
0
1.4
0
0
0
1.4
0.00
0.9
0
0.9
0
0
0
0.9
0.00
0.5
0
0.5
0.7
0
0.7
1.2
0.00
1.5
0
1.5
0.5
0
0.5
2
0.00
1.5
0
1.5
0.8
0
0.8
2.3
0.00
1.8
0
1.8
0
0
0
1.8
0.00
1.4
0
1.4
0.3
0
0.3
1.7
0.00
1.1
0
1.1
0
0
0
1.1
0.00
1
0
1
0
0
0
1
0.00
1.5
0
1.5
0.5
0
0.5
2
0.00
2.2
0
2.2
0.5
0
0.5
2.7
0.00
1.5
0
1.5
0.1
0
0.1
1.6
0.00
--
--
1.4
1
0
1
2.4
0.91
--
--
1.2
1.2
0
1.2
2.4
0.94
--
--
1.2
1
0
1
2.2
0.81
--
--
0.8
1
0
1
1.8
0.00
--
--
1
0
0
0
1
0.00
--
--
1.4
0
0
0
1.4
0.00
--
--
0.5
0.5
0
0.5
1
0.32
--
--
0.5
0.8
0.2
1
1.5
0.42
--
--
0.5
1.881
0.119
2
2.5
0.39
--
--
0.5
1.7
0.3
2
2.5
0.31
--
--
0
2.2
0.8
3
3
0.46
--
--
0
2.2
0.8
3
3
0.00
--
--
0
1
1
2
2
0.00
--
--
0
1.5
1
2.5
2.5
0.00
--
--
0
2.5
0
2.5
2.5
0.00
--
--
0
2.5
0
2.5
2.5
0.00
