3.5
0
3.5
0
0
0
3.5
0.00
3.5
0
3.5
0
0
0
3.5
0.00
3.5
0
3.5
0
0
0
3.5
0.00
3.5
0
3.5
0
0
0
3.5
0.00
3.2
0
3.2
0
0
0
3.2
0.00
3.5
0
3.5
0
0
0
3.5
0.00
3.5
0
3.5
0
0
0
3.5
0.00
4
0
4
0
0
0
4
0.00
3.8
0
3.8
0
0
0
3.8
0.00
3.8
0
3.8
0
0
0
3.8
0.00
4.2
0
4.2
0
0
0
4.2
0.00
3.5
0
3.5
0
0
0
3.5
0.00
2.5
0
2.5
0
0
0
2.5
0.00
2.5
0
2.5
0
0
0
2.5
0.00
2.5
0
2.5
0
0
0
2.5
0.00
1.8
0
1.8
0
0
0
1.8
0.00
--
--
2
0.12507
0
0.12507
2.12507
0.00
--
--
2.5
0
0
0
2.5
0.00
--
--
2.2
0
0
0
2.2
0.00
--
--
2.5
0
0
0
2.5
0.00
--
--
2
0
0
0
2
0.00
--
--
2
0.24
0
0.24
2.24
0.00
--
--
2
0
0
0
2
0.00
--
--
2
0
0
0
2
0.00
--
--
1.5
1.5
0
1.5
3
0.00
--
--
1.5
1.5
0
1.5
3
0.00
--
--
0
2
1
3
3
0.00
--
--
1.25
1.25
0
1.25
2.5
0.00
--
--
1
1
0
1
2
0.00
--
--
0
2
0
2
2
0.00
--
--
0
0
0
0
0
0.00
--
--
0
1.8
1.8
3.6
3.6
0.00
