0.35
0
0.35
0
0
0
0.35
0.00
1
0
1
0
0
0
1
0.00
3.1
0
3.1
0
0
0
3.1
0.00
0.3
0
0.3
0
0
0
0.3
0.00
0.5
0
0.5
0
0
0
0.5
0.00
1
0
1
0
0
0
1
0.00
0.88
0
0.88
0
0
0
0.88
0.00
0.85
0
0.85
0
0
0
0.85
0.00
0.5
0
0.5
0
0
0
0.5
0.00
1
0
1
0
0
0
1
0.00
0.7
0
0.7
0.2
0
0.2
0.9
0.00
0.4
0
0.4
0.1
0
0.1
0.5
0.00
1.01
0
1.01
0.15
0
0.15
1.16
0.00
1.99
0
1.99
0.5
0
0.5
2.49
0.00
1.01
0
1.01
0.33
0
0.33
1.34
0.00
1.3
0
1.3
0.43
0
0.43
1.73
0.00
--
--
3.5
0.3
0
0.3
3.8
1.20
--
--
2.78
0.3
0
0.3
3.08
0.98
--
--
3.75
0.35
0
0.35
4.1
1.30
--
--
3.9
0.5
0
0.5
4.4
1.61
--
--
3
0.35
0
0.35
3.35
1.04
--
--
1.4
0.15
0
0.15
1.55
0.48
--
--
0.8
0.2
0
0.2
1
0.31
--
--
1.5
0.3
0
0.3
1.8
0.56
--
--
1.3
0.2
0
0.2
1.5
0.15
--
--
2.5
0.5
0
0.5
3
0.05
--
--
1.1
1
0
1
2.1
0.00
--
--
1.25
0.25
0
0.25
1.5
0.00
--
--
1.47
0
0
0
1.47
0.00
--
--
1.09
0
0
0
1.09
0.00
--
--
0.66
0
0.2
0.2
0.86
0.00
--
--
1.09
0
0.2
0.2
1.29
0.00
--
--
1.4
0
0.2
0.2
1.6
0.00
--
--
1.6
0
0.2
0.2
1.8
0.00
--
--
2
0
0.21
0.21
2.21
0.00
--
--
1.8
0
0.21
0.21
2.01
0.00
--
--
1.4
0
0.21
0.21
1.61
0.00
--
--
1.4
0
0.24
0.24
1.64
0.00
--
--
1.4
0
0.52
0.52
1.92
0.00
--
--
1.4
0
0.52
0.52
1.92
0.00
--
--
2.8
0
0.46
0.46
3.26
0.00
