4.2
0
4.2
0
0
0
4.2
0.00
3.5
0
3.5
0
0
0
3.5
0.00
6.4
0
6.4
0
0
0
6.4
0.00
1.5
0
1.5
0
0
0
1.5
0.00
1.35
0
1.35
0
0
0
1.35
0.00
1.2
0
1.2
0
0
0
1.2
0.00
1.4
0
1.4
0
0
0
1.4
0.00
1.3
0
1.3
0
0
0
1.3
0.00
1.1
0
1.1
0
0
0
1.1
0.00
1.3
0
1.3
0
0
0
1.3
0.00
1.5999
0
1.5999
0
0
0
1.5999
0.00
1.2999
0
1.2999
0
0
0
1.2999
0.00
1.6
0
1.6
0
0
0
1.6
0.00
1.1997
0
1.1997
0
0
0
1.1997
0.00
1.0244
0
1.0244
0
0
0
1.0244
0.00
1.5
0
1.5
0.3
0
0.3
1.8
0.00
--
--
3.2
0
0
0
3.2
0.00
--
--
3.0956
0
0
0
3.0956
0.00
--
--
2.5863
0
0
0
2.5863
0.00
--
--
1.5
1
0
1
2.5
0.00
--
--
0.7
0
0.3
0.3
1
0.00
--
--
0
0
0.5
0.5
0.5
0.00
--
--
0
0
0.5
0.5
0.5
0.00
--
--
0.1877
0
0
0
0.1877
0.00
--
--
0
0
0
0
0
0.00
--
--
0
0
0.5
0.5
0.5
0.00
--
--
0.5
0.5
0
0.5
1
0.14
--
--
0
0
0.5
0.5
0.5
0.00
--
--
0
0
1
1
1
0.00
--
--
0
0.5
0.5
1
1
0.10
--
--
0.7
0
0.8
0.8
1.5
0.30
--
--
1
0
1.2
1.2
2.2
0.31
--
--
1
0
1.5
1.5
2.5
0.23
--
--
0
1.4
2.1
3.5
3.5
0.28
--
--
0
2
1.14
3.14
3.14
0.00
--
--
0
2
0.8
2.8
2.8
0.00
--
--
0
2
0.4
2.4
2.4
0.00
--
--
0
0
0.2
0.2
0.2
0.00
--
--
0
0
0.5
0.5
0.5
0.00
--
--
0
0
0.5
0.5
0.5
0.00
