0.41
0.15
0.56
0
0
0
0.56
0.00
1.08
0
1.08
0
0
0
1.08
0.00
2.4
0
2.4
0
0
0
2.4
0.00
0.36
0
0.36
0
0
0
0.36
0.00
0.5
0
0.5
0
0
0
0.5
0.00
0.98
0
0.98
0
0
0
0.98
0.00
0.96
0
0.96
0
0
0
0.96
0.00
1
0
1
0
0
0
1
0.00
1.06
0
1.06
0
0
0
1.06
0.00
1.52
0
1.52
0
0
0
1.52
0.00
1.37
0
1.37
0.5
0
0.5
1.87
0.00
2.6
0
2.6
0
0
0
2.6
0.00
5
0
5
1
0
1
6
0.00
3.5
0
3.5
1
0
1
4.5
0.00
3.2
0
3.2
0
0
0
3.2
0.00
2.8
0
2.8
0
0
0
2.8
0.00
--
--
4.4
0
0
0
4.4
0.00
--
--
2.75
0
0
0
2.75
0.00
--
--
2
0.65
0
0.65
2.65
0.13
--
--
1.65
0
0
0
1.65
0.00
--
--
0.9
0
0
0
0.9
0.00
--
--
0
0
0
0
0
0.00
--
--
0.35
0
0
0
0.35
0.00
--
--
0
0
0
0
0
0.00
--
--
0
0
0
0
0
0.00
--
--
0
0.5
0
0.5
0.5
0.00
--
--
0
1.5
0
1.5
1.5
0.43
--
--
0
3.5
0
3.5
3.5
1.03
--
--
3.5
0
0
0
3.5
0.00
--
--
0
2
0
2
2
0.00
--
--
1.2
0
0
0
1.2
0.00
--
--
1
0
0
0
1
0.00
--
--
1.6
0
0
0
1.6
0.00
--
--
0
1.2
0
1.2
1.2
0.00
--
--
3.3
0
0
0
3.3
0.00
--
--
2.3
1.5
0
1.5
3.8
0.00
--
--
0
1.8
0
1.8
1.8
0.00
--
--
0
2.1
0.2
2.3
2.3
0.00
--
--
0
0.85
0.25
1.1
1.1
0.00
--
--
0.6
0.5
0.5
1
1.6
0.00
--
--
0.75
0
0.5
0.5
1.25
0.00
