12.99978969
0
12.99978969
0
0
0
12.99978969
0.00
3.5
0
3.5
0
0
0
3.5
0.00
3.49978969
0
3.49978969
0
0
0
3.49978969
0.00
3
0
3
0
0
0
3
0.00
3
0
3
0
0
0
3
0.00
10.99964144
0
10.99964144
0
0
0
10.99964144
0.00
2.74982072
0
2.74982072
0
0
0
2.74982072
0.00
2.74982072
0
2.74982072
0
0
0
2.74982072
0.00
2.75
0
2.75
0
0
0
2.75
0.00
2.75
0
2.75
0
0
0
2.75
0.00
11
0
11
0
0
0
11
0.00
2.75
0
2.75
0
0
0
2.75
0.00
2.75
0
2.75
0
0
0
2.75
0.00
2.75
0
2.75
0
0
0
2.75
0.00
2.75
0
2.75
0
0
0
2.75
0.00
10
0
10
0
0
0
10
0.00
2.5
0
2.5
0
0
0
2.5
0.00
2.5
0
2.5
0
0
0
2.5
0.00
2.5
0
2.5
0
0
0
2.5
0.00
2.5
0
2.5
0
0
0
2.5
0.00
9.5
0
9.5
0
0
0
9.5
0.00
2.5
0
2.5
0
0
0
2.5
0.00
2.5
0
2.5
0
0
0
2.5
0.00
2.5
0
2.5
0
0
0
2.5
0.00
2
0
2
0
0
0
2
0.00
8
0
8
0
0
0
8
0.00
8
0
8
0
0
0
8
0.00
7
0
7
0
0
0
7
0.00
6
0
6
0
0
0
6
0.00
4.49987539
0
4.49987539
0
0
0
4.49987539
0.00
2.99991232
0
2.99991232
0
0
0
2.99991232
0.00
2.9995522
0
2.9995522
0
0
0
2.9995522
0.00
2.99948071
0
2.99948071
0
0
0
2.99948071
0.00
2.99951326
0
2.99951326
0
0
0
2.99951326
0.00
2.99973242
0
2.99973242
0
0
0
2.99973242
0.00
2.99989241
0
2.99989241
0.0199992829
0.0299989242
0.0499982071
3.0498906171
0.55
--
--
3.02507
0.02017
0.03025
0.05042
3.07549
1.54
--
--
2.9995
0.02
0.03
0.05
3.0495
1.77
--
--
2.4991
0.14995
0.14995
0.2999
2.799
1.39
--
--
1.9998
0.49997
0
0.49997
2.49977
1.33
--
--
0.6037
1.40867
0
1.40867
2.01237
1.35
--
--
0
0.8
0
0.8
0.8
0.83
--
--
0
1
0
1
1
0.64
--
--
0
4
0
4
4
4.00
--
--
0
2.555
0.245
2.8
2.8
2.24
--
--
0
2.3
0
2.3
2.3
1.83
--
--
0
4.5
0
4.5
4.5
3.17
--
--
0
5
0
5
5
3.77
--
--
0
8
0
8
8
4.45
--
--
0
8
0
8
8
4.49
--
--
1
2.48
0
2.48
3.48
0.00
--
--
0
1.04
0
1.04
1.04
0.00
