9
0
9
0
0
0
9
0.00
6
0
6
0
0
0
6
0.00
6.6
0
6.6
0
0
0
6.6
0.00
5.2
0
5.2
0
0
0
5.2
0.00
3.7
0
3.7
0
0
0
3.7
0.00
3.55
0
3.55
0
0
0
3.55
0.00
3.4
0
3.4
0
0
0
3.4
0.00
3.5
0
3.5
0
0
0
3.5
0.00
3.8
0
3.8
0
0
0
3.8
0.00
4
0
4
0
0
0
4
0.00
3.8
0
3.8
0
0
0
3.8
0.00
3.99978622
0
3.99978622
0
0
0
3.99978622
0.00
3.99812339
0
3.99812339
0
0
0
3.99812339
0.00
3.59908134
0
3.59908134
0
0
0
3.59908134
0.00
3.68384028
0
3.68384028
0
0
0
3.68384028
0.00
3.5
0
3.5
0.1
0
0.1
3.6
1.03
--
--
3.5
0.3
0
0.3
3.8
2.01
--
--
2.5
0.2
0
0.2
2.7
1.34
--
--
2.4855
0.19884
0
0.19884
2.68434
1.23
--
--
2.5
0.5
0
0.5
3
1.31
--
--
2.008
1.00429
0
1.00429
3.01229
1.44
--
--
2
1
0
1
3
1.54
--
--
2.5
1.5
0
1.5
4
1.90
--
--
2
2.5
0
2.5
4.5
1.83
--
--
2
4
0
4
6
1.62
--
--
1.2
16.8
0
16.8
18
2.56
--
--
1
10
0
10
11
0.00
--
--
0.5
9
0
9
9.5
0.00
--
--
0.5
0
0
0
0.5
0.00
--
--
0.5
10
0
10
10.5
0.00
--
--
0.5
0
0
0
0.5
0.00
--
--
0.5
2.2
0
2.2
2.7
0.00
