4.758
0
4.758
0
0
0
4.758
0.00
4.702
0
4.702
0
0
0
4.702
0.00
4.608
0
4.608
0
0
0
4.608
0.00
4.306
0
4.306
0
0
0
4.306
0.00
4.226
0
4.226
0
0
0
4.226
0.00
4.479
0
4.479
0
0
0
4.479
0.00
4.796
0
4.796
0
0
0
4.796
0.00
4.9419
0
4.9419
0
0
0
4.9419
0.00
5.4852
0
5.4852
0
0
0
5.4852
0.00
4.8564
0
4.8564
0
0
0
4.8564
0.00
2.3881
2.137
4.5251
0
0
0
4.5251
0.00
4.6295
0.7205
5.35
0
0
0
5.35
0.00
5.4608
0
5.4608
0
0
0
5.4608
0.00
5.5243
0
5.5243
0
0
0
5.5243
0.00
4.06
0
4.06
0
0
0
4.06
0.00
3.83
0
3.83
0
1
1
4.83
0.00
--
--
4.26
0.1
2
2.1
6.36
0.45
--
--
3.58
0
1
1
4.58
0.00
--
--
4.3
0.2
0
0.2
4.5
0.24
--
--
4.7
0
0
0
4.7
0.00
--
--
4.5
0
0
0
4.5
0.00
--
--
4
0
0
0
4
0.00
--
--
3.5
0
0
0
3.5
0.00
--
--
5.8
0
0
0
5.8
0.00
--
--
4.76
0
0
0
4.76
0.00
--
--
4.99
0
0
0
4.99
0.00
--
--
4.06
0
0
0
4.06
0.00
