3.2
0
3.2
0
0
0
3.2
0.00
3.5
0
3.5
0
0
0
3.5
0.00
3
0
3
0
0
0
3
0.00
1.8
0.2
2
0
0
0
2
0.00
1.6
0.2
1.8
0
0
0
1.8
0.00
1.35
0
1.35
0
0
0
1.35
0.00
1.398319
0.399519
1.797838
0
0
0
1.797838
0.00
1.396974
0.399135
1.796109
0
0
0
1.796109
0.00
0.2
1
1.2
0
0
0
1.2
0.00
1.500011
0.300002
1.800013
0
0
0
1.800013
0.00
1.300135
0
1.300135
0
0
0
1.300135
0.00
1.098192
0
1.098192
0
0
0
1.098192
0.00
0.470732
0.194432
0.665164
0
0
0
0.665164
0.00
1.098
0
1.098
0
0
0
1.098
0.00
0
0
0
0
0
0
0
0.00
0.1
0
0.1
0.025
0
0.025
0.125
0.00
--
--
0.599
0.499
0
0.499
1.098
0.56
--
--
1.099
0.999
0
0.999
2.098
1.41
--
--
0.708
0.708
0
0.708
1.416
0.80
--
--
0.984
1.476
0
1.476
2.46
1.66
--
--
0.18
0.723
0
0.723
0.903
0.81
--
--
0
0
0
0
0
0.00
--
--
0
0
0
0
0
0.00
--
--
0
3.3
2.7
6
6
5.89
--
--
0
3
2
5
5
5.36
--
--
0
1.5
1
2.5
2.5
2.68
