5.098588
0
5.098588
0
0
0
5.098588
0.00
3.052417
0
3.052417
0
0
0
3.052417
0.00
2.046171
0
2.046171
0
0
0
2.046171
0.00
6.138514
0
6.138514
0
0
0
6.138514
0.00
3.069257
0
3.069257
0
0
0
3.069257
0.00
3.069257
0
3.069257
0
0
0
3.069257
0.00
13.811657
0
13.811657
0
0
0
13.811657
0.00
9
0
9
0
0
0
9
0.00
6.5
0
6.5
0
0
0
6.5
0.00
4.65
0.35
5
0
0
0
5
0.00
2.3
0.28
2.58
0
0
0
2.58
0.00
0.998
0.572
1.57
0
0
0
1.57
0.00
1.6055863
0.426801
2.0323873
0
0
0
2.0323873
0.00
3.079067
0.57923
3.658297
0
0
0
3.658297
0.00
2.11773
1.41182
3.52955
0
0
0
3.52955
0.00
2.425
0.57924
3.00424
0
0
0
3.00424
0.00
0.9403998
0.1028883
1.0432881
0
0
0
1.0432881
0.00
1.54821
0
1.54821
0
0
0
1.54821
0.00
0.9
0
0.9
0
0
0
0.9
0.00
0.365
0
0.365
0.1
0
0.1
0.465
0.00
--
--
1
0
0
0
1
0.00
--
--
0.41315
0
0
0
0.41315
0.00
--
--
0.44377
0.11094
0
0.11094
0.55471
0.36
--
--
1.0308
0.2041
0
0.2041
1.2349
0.45
--
--
1.3911
0.321
0
0.321
1.7121
0.68
--
--
1.2359
0
0
0
1.2359
0.00
--
--
1.027
1.027
0
1.027
2.054
1.64
--
--
0.5
3
0
3
3.5
3.62
--
--
0.5
3
0
3
3.5
3.94
--
--
1
1
0
1
2
2.04
--
--
0
3
0
3
3
3.04
