3
0
3
0
0
0
3
0.00
3.6
0
3.6
0
0
0
3.6
0.00
3
0
3
0.3
0
0.3
3.3
0.00
2.51203780324
0
2.51203780324
0.200963027
0
0.200963027
2.71300083024
0.00
2.5
0
2.5
0
0
0
2.5
0.00
2.5
0
2.5
0
0
0
2.5
0.00
1.5
0
1.5
0
0
0
1.5
0.00
0
0.5
0.5
0
0
0
0.5
0.00
0
0
0
0
0
0
0
0.00
1.3
0
1.3
0
0
0
1.3
0.00
1.5
0
1.5
0
0
0
1.5
0.00
1.2
0.3
1.5
0
0
0
1.5
0.00
1.80551
0
1.80551
0
0
0
1.80551
0.00
2.04332
0
2.04332
0
0
0
2.04332
0.00
1.2442
0
1.2442
0
0
0
1.2442
0.00
0.25488
0
0.25488
0.254879
0
0.254879
0.509759
0.27
--
--
1.2247
0.30617
0
0.30617
1.53087
0.31
--
--
1.72421
0
0.45109
0.45109
2.1753
0.00
--
--
0.9411
0.9411
0.13488
1.07598
2.01708
0.96
--
--
0.7866
0.7866
0.06675
0.85335
1.63995
0.80
--
--
0
0.6
0.4
1
1
0.47
--
--
0.4
0.4
0.2
0.6
1
0.41
--
--
0
1.5328
1
2.5328
2.5328
1.57
--
--
0
2.6381
0
2.6381
2.6381
2.70
--
--
0
2.0753
0
2.0753
2.0753
2.12
--
--
0
1.5808
0
1.5808
1.5808
2.34
--
--
0
1.85
0
1.85
1.85
2.74
--
--
0
2.94
3.53
6.47
6.47
0.00
