0.5
0
0.5
1
0
1
1.5
0.00
0.5
0
0.5
1
0
1
1.5
0.00
4.00650848
0
4.00650848
1.00162711
0
1.00162711
5.00813559
0.00
2.00470838
0
2.00470838
0
0
0
2.00470838
0.00
3
0
3
1
0
1
4
0.00
1
0
1
0
0
0
1
0.00
1
0
1
0
0
0
1
0.00
1
0
1
0
0
0
1
0.00
3.5
0
3.5
0
0
0
3.5
0.00
1.492
2.008
3.5
0
0
0
3.5
0.00
4.873
0.127
5
0
0
0
5
0.00
6
0
6
0
0
0
6
0.00
4
0
4
3
0
3
7
0.00
2
0
2
5
0
5
7
0.00
3
0
3
0
0
0
3
0.00
2.9999997
0
2.9999997
0
0
0
2.9999997
0.00
6.09691
0
6.09691
0
0
0
6.09691
0.00
5.03771
0
5.03771
0
0
0
5.03771
0.00
2.29631
0
2.29631
0.422062
0.0372
0.459262
2.755572
0.24
--
--
3.00891
0.43128
0.07021
0.50149
3.5104
1.25
--
--
0.4469
3.75727
0.23313
3.9904
4.4373
1.78
--
--
0.1971
1.58171
0.1918
1.77351
1.97061
0.95
--
--
0.1
0.576
0.824
1.4
1.5
0.29
--
--
0
0
0
0
0
0.00
--
--
0
0
0
0
0
0.00
--
--
0
0
0
0
0
0.00
--
--
0.2
0.24
0.26
0.5
0.7
0.00
--
--
0
0
0
0
0
0.38
--
--
0
1.5
0
1.5
1.5
0.37
--
--
0
1
0.5
1.5
1.5
0.23
--
--
0
1.5
0
1.5
1.5
0.00
--
--
0
15.64
0
15.64
15.64
0.00
