2.5
0
2.5
0
0.5
0.5
3
0.00
1.5
0
1.5
0
0.5
0.5
2
0.00
3.5
0
3.5
0
0.5
0.5
4
0.00
3
0
3
0
1
1
4
0.00
2
0
2
0
0
0
2
0.00
2
0
2
0
0
0
2
0.00
2.3
0
2.3
0
0
0
2.3
0.00
2
0
2
0
0
0
2
0.00
2
0
2
0
0
0
2
0.00
3
0
3
0
0
0
3
0.00
1.5
0
1.5
0
0
0
1.5
0.00
1
0
1
0
0
0
1
0.00
0.99873978
0
0.99873978
0.4993698916
0
0.4993698916
1.4981096716
0.00
0.9989142
0
0.9989142
0.4994571
0
0.4994571
1.4983713
0.00
1.99785506
0
1.99785506
0.49946376
0
0.49946376
2.49731882
0.00
0
0
0
0
0
0
0
0.00
--
--
1.5
0
0
0
1.5
0.00
--
--
1
0
0
0
1
0.00
--
--
1.15
0
0
0
1.15
0.00
--
--
1.7
0
0
0
1.7
0.00
--
--
1.5951
0
0
0
1.5951
0.00
--
--
1.1979
0
0
0
1.1979
0.00
--
--
1
0
0
0
1
0.00
