1.5
0
1.5
0.3
0
0.3
1.8
0.00
1.24
0
1.24
0.08
0
0.08
1.32
0.00
1.4
0
1.4
0.25
0
0.25
1.65
0.00
1.58
0
1.58
0
0
0
1.58
0.00
1.7
0
1.7
0
0
0
1.7
0.00
1.7
0
1.7
0
0
0
1.7
0.00
1.5
0
1.5
0
0
0
1.5
0.00
1.42
0
1.42
0
0
0
1.42
0.00
1.5
0
1.5
0
0
0
1.5
0.00
1.4
0
1.4
0
0
0
1.4
0.00
1.11
0
1.11
0
0
0
1.11
0.00
1.1
0
1.1
0
0
0
1.1
0.00
0.85
0
0.85
0.15
0
0.15
1
0.00
0.9
0
0.9
0.2
0
0.2
1.1
0.00
1
0
1
0
0
0
1
0.00
0.25
0
0.25
0
0
0
0.25
0.00
--
--
1.25
0
0
0
1.25
0.00
--
--
1.5
0
0
0
1.5
0.00
--
--
1.55
0
0
0
1.55
0.00
--
--
1.5315
0
0
0
1.5315
0.00
--
--
1.5356
0
0
0
1.5356
0.00
--
--
0.4
0.4
0
0.4
0.8
0.00
--
--
0
0
1.0392
1.0392
1.0392
0.00
