0.5999999
0
0.5999999
0.4
0
0.4
0.9999999
0.00
0.51
0
0.51
0.4200000002
0
0.4200000002
0.9300000002
0.00
0.605
0
0.605
0.495
0
0.495
1.1
0.00
0.55521108
0
0.55521108
0.4542636893
0
0.4542636893
1.0094747693
0.00
0.56551766
0
0.56551766
0.2313481733
0
0.2313481733
0.7968658333
0.00
0.5083501
0
0.5083501
0.2079613963
0
0.2079613963
0.7163114963
0.00
0.54190797
0
0.54190797
0.4433793272
0
0.4433793272
0.9852872972
0.00
0.52514935
0
0.52514935
0.4296675837
0
0.4296675837
0.9548169337
0.00
0.48241645
0
0.48241645
0.7236247824
0
0.7236247824
1.2060412324
0.00
0.0508367
0.0491633
0.1
0
0
0
0.1
0.00
0.42575295
0
0.42575295
0.9933352716
0
0.9933352716
1.4190882216
0.00
0.22272568
0
0.22272568
0.8909027479
0
0.8909027479
1.1136284279
0.00
0.22387184
0
0.22387184
0.8954873788
0
0.8954873788
1.1193592188
0.00
0.23
0
0.23
0.7
0
0.7
0.93
0.00
0
0
0
1.1
0
1.1
1.1
0.00
0
0
0
0
0
0
0
0.00
--
--
0.18
0
0
0
0.18
0.00
--
--
0
0
0
0
0
0.00
--
--
0
0
0
0
0
0.00
--
--
1.3
0.80508
0.65412
1.4592
2.7592
0.54
--
--
1.2
0.22938
0.3962
0.62558
1.82558
0.30
--
--
1
0
0
0
1
0.00
