0.75
0
0.75
0.25
0
0.25
1
0.00
0.6
0
0.6
0.2
0
0.2
0.8
0.00
0.8
0
0.8
0.1
0
0.1
0.9
0.00
0.7
0
0.7
0
0
0
0.7
0.00
0.7
0
0.7
0
0
0
0.7
0.00
0.636
0
0.636
0
0
0
0.636
0.00
0.5
0
0.5
0.2
0
0.2
0.7
0.00
0.344
0
0.344
0.35
0
0.35
0.694
0.00
0.432
0
0.432
0.5
0
0.5
0.932
0.00
0.5
0
0.5
0.736
0
0.736
1.236
0.00
0.335
0
0.335
0.808
0
0.808
1.143
0.00
0.33338378
0
0.33338378
0.79642212
0
0.79642212
1.1298059
0.00
0.13547466
0
0.13547466
0.316
0
0.316
0.45147466
0.00
0.15024625
0
0.15024625
0.43
0
0.43
0.58024625
0.00
0.11557236
0
0.11557236
0
0
0
0.11557236
0.00
0
0
0
0
0
0
0
0.00
--
--
0.1267
0
0
0
0.1267
0.00
--
--
0.3019
0
0
0
0.3019
0.00
--
--
0.7101
0
0
0
0.7101
0.00
--
--
0.88
0
0
0
0.88
0.00
--
--
0.4995
0.4596
0
0.4596
0.9591
0.05
--
--
0.65
0
0
0
0.65
0.00
--
--
0
0
0.6093
0.6093
0.6093
0.00
