1.8
0
1.8
0
0
0
1.8
0.00
1.00002571
0
1.00002571
0
0
0
1.00002571
0.00
1.25
0
1.25
0
0
0
1.25
0.00
1.05
0
1.05
0
0
0
1.05
0.00
1
0
1
0
0
0
1
0.00
1
0
1
0
0
0
1
0.00
1.08
0
1.08
0
0
0
1.08
0.00
0.85
0.15
1
0
0
0
1
0.00
0.81
0
0.81
0.8
0
0.8
1.61
0.00
0.81
0
0.81
0.81
0
0.81
1.62
0.00
0.38
0
0.38
0.36996335
0
0.36996335
0.74996335
0.00
0.71
0
0.71
0.7
0
0.7
1.41
0.00
0.4
0
0.4
0.88
0
0.88
1.28
0.00
0.73
0
0.73
0.71965434
0
0.71965434
1.44965434
0.00
0.64
0
0.64
0.39
0.25
0.64
1.28
0.00
0.18
0
0.18
0
0.3177411081
0.3177411081
0.4977411081
0.00
--
--
0.2
0.40216
0.40216
0.80432
1.00432
0.19
--
--
0
0
0
0
0
0.00
--
--
0.5
1.2
0
1.2
1.7
0.41
--
--
0.99779
0.79818
1.10836
1.90654
2.90433
0.00
--
--
1.09953
0
0.59602
0.59602
1.69555
0.00
--
--
1
0.1
1
1.1
2.1
0.00
