0.85
0
0.85
0.3
0
0.3
1.15
0.00
0.8
0
0.8
0.3
0
0.3
1.1
0.00
1
0
1
0.2
0
0.2
1.2
0.00
0.9
0
0.9
0.1
0
0.1
1
0.00
1.05
0
1.05
0.3
0
0.3
1.35
0.00
1
0
1
0.1
0
0.1
1.1
0.00
0.9
0
0.9
0.1
0
0.1
1
0.00
1.2
0
1.2
0.2
0
0.2
1.4
0.00
0.95
0
0.95
0.45
0
0.45
1.4
0.00
0.7
0
0.7
0.65
0
0.65
1.35
0.00
0.5
0
0.5
0.7
0
0.7
1.2
0.00
0.45
0
0.45
0.65
0
0.65
1.1
0.00
0.4
0
0.4
0.55
0.05
0.6
1
0.00
0.3
0
0.3
0.6
0
0.6
0.9
0.00
0.5
0
0.5
0.25
0
0.25
0.75
0.00
0.5
0
0.5
0.25
0
0.25
0.75
0.00
--
--
1.7
0.12
0
0.12
1.82
0.00
--
--
1
0.2
0
0.2
1.2
0.00
--
--
1.25
0.25
0
0.25
1.5
0.00
--
--
0.75
0.5
0
0.5
1.25
0.00
--
--
0
0
0
0
0
0.00
