9
0
9
0
0
0
9
0.00
9
0
9
0
0
0
9
0.00
7.21
1.79
9
0
0
0
9
0.00
9
0
9
0
0
0
9
0.00
9
0
9
0
0
0
9
0.00
8.8
0
8.8
0
0
0
8.8
0.00
25
0
25
0
0
0
25
0.00
8
0
8
0
0
0
8
0.00
7.2
0
7.2
0
0
0
7.2
0.00
7
0
7
0
0
0
7
0.00
5.15
0.85
6
0
0
0
6
0.00
4.85
0
4.85
0
0
0
4.85
0.00
4.8
0
4.8
0
0
0
4.8
0.00
4.9
0
4.9
0
0
0
4.9
0.00
3.6
0
3.6
0
0
0
3.6
0.00
2.04
0
2.04
1.36
0
1.36
3.4
0.00
--
--
3.2
0
0
0
3.2
0.00
--
--
3.5
0
0
0
3.5
0.00
--
--
3.4
0
0
0
3.4
0.00
--
--
3
0
0
0
3
0.00
--
--
2.64
0.66
0
0.66
3.3
0.00
--
--
1.78
1.12
0
1.12
2.9
0.00
--
--
1.12
1.13
0
1.13
2.25
0.00
--
--
1
1.5
0
1.5
2.5
0.00
--
--
1.12
1.68
0
1.68
2.8
0.00
--
--
0.96
1.8
0
1.8
2.76
0.00
--
--
0.59
2.36
0
2.36
2.95
0.00
--
--
0.65
2.6
0
2.6
3.25
0.00
--
--
0.65
2.6
0
2.6
3.25
0.00
--
--
0.7
2.8
0
2.8
3.5
0.00
--
--
1
2.5
0
2.5
3.5
0.00
--
--
0
3.2
0
3.2
3.2
0.00
