0
0
0
0
0
0
0
0.00
2.5
0
2.5
0
0
0
2.5
0.00
8.00067934
0
8.00067934
0
0
0
8.00067934
0.00
10
0
10
0
0
0
10
0.00
7
0
7
0
0
0
7
0.00
4.99691078
0
4.99691078
0
0
0
4.99691078
0.00
7
0
7
0
0
0
7
0.00
4.5
0
4.5
0
0
0
4.5
0.00
0.50852273
0
0.50852273
0
0
0
0.50852273
0.00
0.199801
0
0.199801
0
0
0
0.199801
0.00
1.49682073
0
1.49682073
0
0
0
1.49682073
0.00
1.4990762
0
1.4990762
0
0
0
1.4990762
0.00
0.79986939
0
0.79986939
0
0
0
0.79986939
0.00
0.82446817
0
0.82446817
0
0
0
0.82446817
0.00
0
0
0
0
0
0
0
0.00
