3.5
0
3.5
0
0
0
3.5
0.00
3.85
0
3.85
0
0
0
3.85
0.00
3.5
0
3.5
0
0
0
3.5
0.00
3.1
0
3.1
0
0
0
3.1
0.00
2.4
0
2.4
0
0
0
2.4
0.00
2.7
0
2.7
0
0
0
2.7
0.00
2.4
0
2.4
0
0
0
2.4
0.00
2.28940817
0
2.28940817
0
0
0
2.28940817
0.00
2.4
0
2.4
0
0
0
2.4
0.00
2.5
0
2.5
0
0
0
2.5
0.00
2.3
0
2.3
0
0
0
2.3
0.00
2.4
0
2.4
0
0
0
2.4
0.00
2.6
0
2.6
0
0
0
2.6
0.00
2.1
0
2.1
0
0.9
0.9
3
0.00
1.999128
0
1.999128
1.799215
0
1.799215
3.798343
0.00
1.398795
0
1.398795
0
0
0
1.398795
0.00
--
--
2.08
0.3049
0
0.3049
2.3849
1.08
--
--
1.188
0.4951
0
0.4951
1.6831
0.54
--
--
0.16224
0
0
0
0.16224
0.00
