2.635
0.615
3.25
0
0
0
3.25
0.00
2.379
0.871
3.25
0
0
0
3.25
0.00
2.349
0.901
3.25
0
0
0
3.25
0.00
2.234
1.016
3.25
0
0
0
3.25
0.00
3.209
0.041
3.25
0
0
0
3.25
0.00
3.75
0
3.75
0
0
0
3.75
0.00
3.037
0.713
3.75
0
0
0
3.75
0.00
3.129
0.621
3.75
0
0
0
3.75
0.00
3.174
0.576
3.75
0
0
0
3.75
0.00
3.167
0.583
3.75
0
0
0
3.75
0.00
3.164
0.586
3.75
0
0
0
3.75
0.00
2.928
0.572
3.5
0
0
0
3.5
0.00
2.469
0.531
3
0
0
0
3
0.00
2.5
0
2.5
0
0
0
2.5
0.00
2.8
0
2.8
0
0
0
2.8
0.00
2.8
0
2.8
0
0
0
2.8
0.00
--
--
3.1
0
0
0
3.1
0.00
--
--
3.1
0
0
0
3.1
0.00
--
--
3.1
0
0
0
3.1
0.00
--
--
3
0
0
0
3
0.00
--
--
1.4
0.46
0.54
1
2.4
0.00
--
--
1.3
1.69
0.01
1.7
3
0.00
--
--
1
2.1
0.1
2.2
3.2
0.00
--
--
0
2.5
1
3.5
3.5
0.00
--
--
0.2195
0
0.7805
0.7805
1
0.00
--
--
0
0
0
0
0
0.00
