4
0
4
0
0
0
4
0.00
4.00341673
0
4.00341673
0
0
0
4.00341673
0.00
5.00137591
0
5.00137591
0
0
0
5.00137591
0.00
4.48877769
0
4.48877769
0
0
0
4.48877769
0.00
4.50048404
0
4.50048404
0
0
0
4.50048404
0.00
3.50089644
0
3.50089644
0
0
0
3.50089644
0.00
4.00166594
0
4.00166594
0
0
0
4.00166594
0.00
4.92865082
0
4.92865082
0
0
0
4.92865082
0.00
5.0297424
0
5.0297424
0
0
0
5.0297424
0.00
4.03741766
0
4.03741766
0
0
0
4.03741766
0.00
2.76786462
0
2.76786462
0
0
0
2.76786462
0.00
1.48117354
0
1.48117354
0
0
0
1.48117354
0.00
0
0
0
0
0
0
0
0.00
1.45
0
1.45
0
0
0
1.45
0.00
--
--
1.75
0
0
0
1.75
0.00
