0.8
0
0.8
0
0
0
0.8
0.00
2
0
2
0
0
0
2
0.00
2
0
2
0
0
0
2
0.00
0
0
0
0
0
0
0
0.00
0.5
0
0.5
0
0
0
0.5
0.00
1
0
1
0
0
0
1
0.00
0
0
0
0
0
0
0
0.00
0.4
0
0.4
0
0
0
0.4
0.00
1.5
0
1.5
0
0
0
1.5
0.00
2.2
0
2.2
0
0
0
2.2
0.00
1.7728627
0
1.7728627
0
0
0
1.7728627
0.00
0.4976755
0
0.4976755
0
0
0
0.4976755
0.00
1.99852
0
1.99852
0
0
0
1.99852
0.00
1
0
1
0
0
0
1
0.00
2
0
2
0
0
0
2
0.00
2
0
2
0
0
0
2
0.00
--
--
2
1.5
0
1.5
3.5
1.43
--
--
2
0
0
0
2
0.00
3
0
3
0
0
0
3
0.00
--
--
0.8
1
0
1
1.8
0.00
--
--
0.6
0
0
0
0.6
0.00
--
--
1
1
0
1
2
0.55
--
--
0.5
2
0
2
2.5
0.53
--
--
0
2
0
2
2
0.00
--
--
0
1.627
0
1.627
1.627
0.00
--
--
0
4
0
4
4
0.00
