0
0
0
0
0
0
0
0.00
0
0
0
0
0
0
0
0.00
1.35253944
0
1.35253944
0
0
0
1.35253944
0.00
1.08889752
0
1.08889752
0
0
0
1.08889752
0.00
0.97846552
0
0.97846552
0
0
0
0.97846552
0.00
0.88276278
0
0.88276278
0
0
0
0.88276278
0.00
0.98272916
0.49136458
1.47409374
0
0
0
1.47409374
0.00
1.6
0.4
2
0
0
0
2
0.00
1.2
0.5
1.7
0
0
0
1.7
0.00
1.6
0.4
2
0
0
0
2
0.00
2
0.5
2.5
0
0
0
2.5
0.00
1.4
0.6
2
0
0
0
2
0.00
0.84
0
0.84
0
0
0
0.84
0.00
1
0
1
0
0
0
1
0.00
1.25
0
1.25
0
0
0
1.25
0.00
1
0
1
0
0
0
1
0.00
--
--
1.08554
0
0
0
1.08554
0.00
--
--
0.99517
0
0
0
0.99517
0.00
--
--
0.50089
0
0
0
0.50089
0.00
--
--
1.09551
0.49796
0
0.49796
1.59347
2.39
--
--
1.0921
0.49642
0
0.49642
1.58852
2.38
--
--
0.2
0.8
0
0.8
1
1.88
--
--
0.2
0.8
0
0.8
1
1.88
--
--
0.5
2.5
0
2.5
3
5.63
--
--
0
3
0
3
3
5.63
--
--
0
2.1052
0
2.1052
2.1052
3.95
