5
0
5
0
0
0
5
0.00
2.4
0
2.4
0
0
0
2.4
0.00
2
0
2
0
0
0
2
0.00
2
0
2
0
0
0
2
0.00
2.2
0
2.2
0
0
0
2.2
0.00
2.1
0
2.1
0
0
0
2.1
0.00
1.20002378
0
1.20002378
0
0
0
1.20002378
0.00
0.5
0
0.5
0
0
0
0.5
0.00
0.6
0
0.6
0
0
0
0.6
0.00
2.65
0
2.65
0
0
0
2.65
0.00
2.5
0
2.5
0.5
0
0.5
3
0.00
1.3
0
1.3
2.2
0
2.2
3.5
0.00
0.6
0
0.6
2.4
0
2.4
3
0.00
0.4
0
0.4
1.6
0
1.6
2
0.00
1.2
0
1.2
0
0
0
1.2
0.00
1
0
1
0
0
0
1
0.00
--
--
1.5
0
0
0
1.5
0.00
--
--
1.5
0
0
0
1.5
0.00
1
0
1
0
0
0
1
0.00
--
--
0.5
0
0
0
0.5
0.00
--
--
0.2
0
0
0
0.2
0.00
--
--
0.3
0
0
0
0.3
0.00
--
--
0.3
0
0
0
0.3
0.00
--
--
0.5
0
0
0
0.5
0.00
--
--
0.5
0.2
0.3
0.5
1
0.00
--
--
0.5
0.5
1
1.5
2
0.00
--
--
0
4
1.5
5.5
5.5
0.00
--
--
0
5
1.15
6.15
6.15
0.00
--
--
2
0
0
0
2
0.00
--
--
1
0
0
0
1
0.00
--
--
0
0
0
0
0
0.00
