1.2
0.3
1.5
0
0
0
1.5
0.00
1.5
0.5
2
0
0
0
2
0.00
3
0
3
0
0
0
3
0.00
1.8
0
1.8
0
0
0
1.8
0.00
1
0
1
0
0
0
1
0.00
1.3
0
1.3
0
0
0
1.3
0.00
2
0
2
0
0
0
2
0.00
2.2
0
2.2
0
0
0
2.2
0.00
2.2
0
2.2
0
0
0
2.2
0.00
1.2
0
1.2
0
0
0
1.2
0.00
0.7
0
0.7
0.7
0
0.7
1.4
0.00
0.9
0
0.9
0
0
0
0.9
0.00
0.8
0
0.8
0.8
0
0.8
1.6
0.00
2
0
2
0
0
0
2
0.00
1.92
0
1.92
0
0
0
1.92
0.00
0.6679
0
0.6679
0
0
0
0.6679
0.00
--
--
0.8189
0.3071
0
0.3071
1.126
0.20
--
--
0.82
0.83
0
0.83
1.65
0.54
--
--
1.065
1.065
0
1.065
2.13
0.70
--
--
0.93
0.93
0
0.93
1.86
0.61
--
--
0
1.23
0.47
1.7
1.7
0.81
--
--
0
0.25
0.75
1
1
0.16
--
--
0
1.1
0.2
1.3
1.3
0.71
--
--
0
1.5
0
1.5
1.5
0.00
--
--
0
1.5
0
1.5
1.5
0.00
