3.5
0
3.5
0
0
0
3.5
0.00
3.43022338
0
3.43022338
0
0
0
3.43022338
0.00
3.67762529
0
3.67762529
0
0
0
3.67762529
0.00
2.67123106
0
2.67123106
0
0
0
2.67123106
0.00
2.28
0
2.28
0
0
0
2.28
0.00
2.63
0
2.63
0
0
0
2.63
0.00
1.74
0.06
1.8
0
0
0
1.8
0.00
2.23
0.07
2.3
0
0
0
2.3
0.00
2.91
0.09
3
0
0
0
3
0.00
3.11
0.09
3.2
0
0
0
3.2
0.00
2.9
0.1
3
0
0
0
3
0.00
2.2
0
2.2
0
0
0
2.2
0.00
2.2
0
2.2
0
0
0
2.2
0.00
2
0
2
0
0
0
2
0.00
2
0
2
0
0
0
2
0.00
1.6
0
1.6
0
0
0
1.6
0.00
--
--
2.50275
0.40044
0.10011
0.50055
3.0033
1.43
--
--
1.40065
0.95991
0.90762
1.86753
3.26818
2.07
--
--
1.99711
1.14834
0.34949
1.49783
3.49494
1.90
--
--
1.5
1.34748
0.64879
1.99627
3.49627
2.29
--
--
1.4
2.5
0
2.5
3.9
3.52
--
--
1
1.85
0.84
2.69
3.69
2.62
--
--
0
3.15
0.05
3.2
3.2
4.42
--
--
0
2.5
0
2.5
2.5
3.51
--
--
0
3
0
3
3
3.53
