3.9
0
3.9
0
0
0
3.9
0.00
3
0
3
0
0
0
3
0.00
3
0
3
0
0
0
3
0.00
3
0
3
0
0
0
3
0.00
2.5
0
2.5
0
0
0
2.5
0.00
2.7
0
2.7
0
0
0
2.7
0.00
2.1
0
2.1
0
0
0
2.1
0.00
3
0
3
0
0
0
3
0.00
2
0
2
0
0
0
2
0.00
1.8
0
1.8
0
0
0
1.8
0.00
2
0
2
0
0
0
2
0.00
1.8
0
1.8
0
0
0
1.8
0.00
2.1
0
2.1
0
0
0
2.1
0.00
2
0
2
0
0
0
2
0.00
2
0
2
0
0
0
2
0.00
2
0
2
0
0
0
2
0.00
--
--
2.8
0
0
0
2.8
0.00
--
--
2.1
0
0
0
2.1
0.00
--
--
2.5
0
0
0
2.5
0.00
--
--
1.5
0
0
0
1.5
0.00
--
--
3.5
0.5
0
0.5
4
1.19
--
--
3
1.5
0
1.5
4.5
2.46
--
--
2
0
0
0
2
0.00
--
--
0.5
0.5
0
0.5
1
0.00
--
--
0
2.56
0
2.56
2.56
0.00
