2
0
2
0
0
0
2
0.00
1.1
0
1.1
0
0
0
1.1
0.00
3.8
0
3.8
0
0
0
3.8
0.00
0.59
0
0.59
0
0
0
0.59
0.00
2.9
0
2.9
0
0
0
2.9
0.00
4.8
0
4.8
0
0
0
4.8
0.00
6.3
0
6.3
0
0
0
6.3
0.00
6
0
6
0
0
0
6
0.00
4
0
4
0
0
0
4
0.00
0.85
0
0.85
0
0
0
0.85
0.00
2.5
0
2.5
0
0
0
2.5
0.00
0.26
0
0.26
0
0
0
0.26
0.00
2
0
2
0
0
0
2
0.00
3.9
0
3.9
0
0
0
3.9
0.00
3.8
0
3.8
0
0
0
3.8
0.00
1.2
0
1.2
0.3
0
0.3
1.5
0.00
--
--
6.7
0
0
0
6.7
0.00
--
--
4.4
0
0
0
4.4
0.00
--
--
4.7
0.3
0
0.3
5
0.00
--
--
3.60709
0.60118
0
0.60118
4.20827
0.00
--
--
1.8
0.2
0.4
0.6
2.4
0.00
--
--
1.2
0.2
1
1.2
2.4
0.00
--
--
0
0
0
0
0
0.00
--
--
0
0
0
0
0
0.00
--
--
0
0
0
0
0
0.00
--
--
0
0
0
0
0
0.00
