5
0
5
0
0
0
5
0.00
4
0
4
0
0
0
4
0.00
4
0
4
0
0
0
4
0.00
2.30065386
0.700199
3.00085286
0
0
0
3.00085286
0.00
3.15
1.35
4.5
0
0
0
4.5
0.00
5
0
5
0
0
0
5
0.00
4
2
6
0
0
0
6
0.00
5
1.5
6.5
0
0
0
6.5
0.00
6.5
0
6.5
0
0
0
6.5
0.00
6
0
6
0
0
0
6
0.00
5.5
0
5.5
0
0
0
5.5
0.00
3.5
0
3.5
0
0
0
3.5
0.00
4
0
4
0.5
0
0.5
4.5
0.00
3.5
0
3.5
1
0
1
4.5
0.00
3.5
0
3.5
1
0
1
4.5
0.00
2.5
0
2.5
0
0
0
2.5
0.00
--
--
4
0.5
0
0.5
4.5
0.83
--
--
4.9
0.5
0
0.5
5.4
0.87
--
--
3.5
0.5
0
0.5
4
0.93
--
--
2.5
1
0
1
3.5
1.15
--
--
0
0
0
0
0
0.00
--
--
0
0
0
0
0
0.00
