0.8
0
0.8
0.8
0
0.8
1.6
0.00
0.8
0
0.8
1
0
1
1.8
0.00
0.4
0
0.4
1.5
0
1.5
1.9
0.00
0.4
0
0.4
1.2
0
1.2
1.6
0.00
0.9
0
0.9
1.1
0
1.1
2
0.00
0.9
0
0.9
0.9
0
0.9
1.8
0.00
0.78
0
0.78
0.78
0
0.78
1.56
0.00
0.6
0
0.6
0.6
0
0.6
1.2
0.00
0.6
0
0.6
0.6
0
0.6
1.2
0.00
0.8
0
0.8
1
0
1
1.8
0.00
0.77
0
0.77
1
0
1
1.77
0.00
0
0
0
1.7
0
1.7
1.7
0.00
0
0
0
0.8
0
0.8
0.8
0.00
0
0
0
1.4
0
1.4
1.4
0.00
0
0
0
0.3
0
0.3
0.3
0.00
0
0
0
0.4
0
0.4
0.4
0.00
--
--
0
0.6
0
0.6
0.6
0.00
--
--
0
0.6
0
0.6
0.6
0.00
--
--
0
0.6
0
0.6
0.6
0.00
--
--
0
0.4
0
0.4
0.4
0.00
--
--
0
0.5
0
0.5
0.5
0.00
--
--
0.15
0
0
0
0.15
0.00
--
--
0.09
0
0
0
0.09
0.00
--
--
0
0
0
0
0
0.00
--
--
0
0
0
0
0
0.00
--
--
0.15
0
0.75
0.75
0.9
0.00
--
--
0
0
0
0
0
0.00
--
--
0
1.1
0.1
1.2
1.2
0.00
--
--
0.6
0.6
0
0.6
1.2
0.00
--
--
0
1.2
0
1.2
1.2
0.00
--
--
0
1
0
1
1
0.00
--
--
0
0
0
0
0
0.00
