1.1
0
1.1
0
0
0
1.1
0.00
1.3
0
1.3
0
0
0
1.3
0.00
1.5
0
1.5
0
0
0
1.5
0.00
0.5
0
0.5
0
0
0
0.5
0.00
1.25
0
1.25
0
0
0
1.25
0.00
1.5
0
1.5
0
0
0
1.5
0.00
2
0
2
0
0
0
2
0.00
1.5
0
1.5
0
0
0
1.5
0.00
1.5
0
1.5
0
0
0
1.5
0.00
1.5
0
1.5
0
0
0
1.5
0.00
1
0
1
0
0
0
1
0.00
1.5
0
1.5
0
0
0
1.5
0.00
1.29985
0
1.29985
0
0
0
1.29985
0.00
1.2
0
1.2
0
0
0
1.2
0.00
1.5
0
1.5
0.2
0
0.2
1.7
0.00
0.5
0
0.5
0.5
0
0.5
1
0.15
--
--
0.99988
0.99988
0
0.99988
1.99976
1.09
--
--
1.78802
0.19866
0
0.19866
1.98668
0.62
--
--
1.49922
0.49974
0
0.49974
1.99896
0.62
--
--
0.99972
0.99972
0
0.99972
1.99944
0.21
--
--
1.015
1.0151
0
1.0151
2.0301
0.89
--
--
0.5
1.5
0
1.5
2
0.45
--
--
0
1.015
1.015
2.03
2.03
0.74
--
--
0
0
1.01654
1.01654
1.01654
0.00
--
--
0
3
1
4
4
0.35
--
--
0
3
1
4
4
0.00
--
--
0
5
0
5
5
0.00
--
--
0
3.5
0
3.5
3.5
0.00
--
--
0
2
0
2
2
0.00
--
--
0
2
0
2
2
0.00
--
--
0
1.5
0
1.5
1.5
0.00
--
--
0
2
0
2
2
0.00
--
--
0
2
0
2
2
0.00
--
--
1
2
0
2
3
0.00
--
--
0
2
0
2
2
0.00
--
--
0
8.5
1
9.5
9.5
0.00
--
--
0
1.7
0
1.7
1.7
0.00
