1.2
0
1.2
0
0
0
1.2
0.00
1.1
0
1.1
0
0
0
1.1
0.00
1.1
0
1.1
0
0
0
1.1
0.00
1.1
0
1.1
0
0
0
1.1
0.00
1.1
0
1.1
0
0
0
1.1
0.00
1.1
0
1.1
0
0
0
1.1
0.00
1.1
0
1.1
0
0
0
1.1
0.00
1
0
1
0
0
0
1
0.00
1
0
1
0
0
0
1
0.00
1
0
1
0
0
0
1
0.00
1
0
1
0
0
0
1
0.00
1
0
1
0
0
0
1
0.00
1
0
1
0
0
0
1
0.00
1
0
1
0
0
0
1
0.00
0.8
0
0.8
0
0
0
0.8
0.00
0.8
0
0.8
0
0
0
0.8
0.00
--
--
0.8
0
0
0
0.8
0.00
--
--
1
0
0
0
1
0.00
--
--
0.775
0
0
0
0.775
0.00
--
--
0.75
0
0
0
0.75
0.00
--
--
0.7
0
0
0
0.7
0.00
--
--
0.446
0
0
0
0.446
0.00
--
--
0.4
0
0
0
0.4
0.00
--
--
0.1
0.1
0.0819
0.1819
0.2819
0.00
--
--
0.2
0.53
0.0728
0.6028
0.8028
0.18
--
--
0
0.93
0.3922
1.3222
1.3222
0.23
--
--
0
0.6
0.409
1.009
1.009
0.15
--
--
0.45
0
0.35
0.35
0.8
0.00
--
--
0.35
0
0.35
0.35
0.7
0.00
--
--
0.35
0
0.35
0.35
0.7
0.00
--
--
0
0
0
0
0
0.00
--
--
0
0
1
1
1
0.00
--
--
0
1.221
0
1.221
1.221
0.00
--
--
0.3
1.7
0
1.7
2
0.00
--
--
0
6
0
6
6
0.00
--
--
0.45
0
0
0
0.45
0.00
--
--
0
1
0
1
1
0.00
--
--
0
1.6
0
1.6
1.6
0.00
--
--
0
1.7
0
1.7
1.7
0.00
