2
0
2
0
0
0
2
0.00
2
0
2
0
0
0
2
0.00
2
0
2
0
0
0
2
0.00
2
0
2
0
0
0
2
0.00
1.8
0.1
1.9
0.1
0
0.1
2
0.00
1.98
0.02
2
0
0
0
2
0.00
2
0
2
0
0
0
2
0.00
2
0
2
0
0
0
2
0.00
2
0
2
0
0
0
2
0.00
1.9
0
1.9
0
0
0
1.9
0.00
1.8
0
1.8
0.1
0
0.1
1.9
0.00
1.8
0
1.8
0
0
0
1.8
0.00
1.7
0
1.7
0
0
0
1.7
0.00
1.7
0
1.7
0
0
0
1.7
0.00
1.6
0
1.6
0
0
0
1.6
0.00
1
0
1
0
0
0
1
0.00
--
--
1.8
0.2
0
0.2
2
0.35
--
--
1.6
0.1
0
0.1
1.7
0.34
--
--
1.3
0.2
0
0.2
1.5
0.31
--
--
1
0.4
0
0.4
1.4
0.19
--
--
1
0.2
0
0.2
1.2
0.18
--
--
0.5
0.5
0
0.5
1
0.09
--
--
0.5
1
0.5
1.5
2
0.12
--
--
0.5
1.2
0.8
2
2.5
0.00
--
--
0
2
1
3
3
0.00
--
--
0
2.2
0.8
3
3
0.00
--
--
0
1
2
3
3
0.00
--
--
0
3
0
3
3
0.00
--
--
1
1.5
0
1.5
2.5
0.00
--
--
0
1.28
0.72
2
2
0.00
--
--
0
1.5
1
2.5
2.5
0.00
--
--
0
7.7
2.5
10.2
10.2
0.00
