2
0
2
0
0
0
2
0.00
2
0
2
0
0
0
2
0.00
2
0
2
0
0
0
2
0.00
1.8
0
1.8
0
0
0
1.8
0.00
1.7
0
1.7
0
0
0
1.7
0.00
1.5
0
1.5
0
0
0
1.5
0.00
1.6
0
1.6
0
0
0
1.6
0.00
1.6
0
1.6
0
0
0
1.6
0.00
1.3
0
1.3
0.35
0
0.35
1.65
0.00
1.2
0
1.2
0.4
0
0.4
1.6
0.00
1.2
0
1.2
0.4
0
0.4
1.6
0.00
1.2
0
1.2
0.6
0
0.6
1.8
0.00
1.2
0
1.2
0.5
0
0.5
1.7
0.00
1.3
0
1.3
0.7
0
0.7
2
0.00
1.2
0
1.2
0.5
0
0.5
1.7
0.00
1.1
0
1.1
0.4
0
0.4
1.5
0.00
--
--
1
0.4
0
0.4
1.4
0.24
--
--
0.9
0
0
0
0.9
0.00
--
--
0.8
0
0
0
0.8
0.00
--
--
0.9
0
0
0
0.9
0.00
--
--
0.7
0
0
0
0.7
0.00
--
--
0.6
0
0
0
0.6
0.00
--
--
0.5
0.5
0
0.5
1
0.29
--
--
0.3
0.7
0
0.7
1
0.37
--
--
0.3
0.9
0
0.9
1.2
0.50
--
--
0
1.5
0.0171
1.5171
1.5171
0.76
--
--
0
1.515
0
1.515
1.515
0.82
--
--
0
1.522
0
1.522
1.522
0.82
--
--
0
1.5
0
1.5
1.5
0.00
--
--
0
1.5
0
1.5
1.5
0.00
--
--
0
1.5
0
1.5
1.5
0.00
--
--
1
0
0
0
1
0.00
