3
0
3
0
0
0
3
0.00
2.5
0
2.5
0
0
0
2.5
0.00
2.5
0
2.5
0
0
0
2.5
0.00
2
0
2
0
0
0
2
0.00
2
0
2
0
0
0
2
0.00
2
0
2
0
0
0
2
0.00
1
0
1
1
0
1
2
0.00
2.8
0
2.8
0
0
0
2.8
0.00
3.5
0
3.5
0
0
0
3.5
0.00
4.2
0
4.2
0
0
0
4.2
0.00
3.3
0
3.3
0
0
0
3.3
0.00
2.8
0
2.8
0
0
0
2.8
0.00
3
0
3
0
0
0
3
0.00
2.5
0
2.5
0
0
0
2.5
0.00
2.8
0
2.8
0
0
0
2.8
0.00
2.7
0
2.7
0
0
0
2.7
0.00
--
--
2.4
0.3
0
0.3
2.7
0.59
--
--
2.47
0.3
0
0.3
2.77
0.61
--
--
2.69
0.3
0
0.3
2.99
0.69
--
--
2
0.4
0
0.4
2.4
0.49
--
--
1.38
0
0
0
1.38
0.00
--
--
1
0
0
0
1
0.00
--
--
0.85
0
0
0
0.85
0.00
--
--
0.5
0.4
0
0.4
0.9
0.28
--
--
0.5
0.5
0
0.5
1
0.10
--
--
0
1.2
0
1.2
1.2
0.00
--
--
0
1.2
0
1.2
1.2
0.00
--
--
0
1
0
1
1
0.00
