1.6
0
1.6
0
0
0
1.6
0.00
1.2
0
1.2
0
0
0
1.2
0.00
2.8
0
2.8
0
0
0
2.8
0.00
1.7
0
1.7
0
0
0
1.7
0.00
1.2
0
1.2
0
0
0
1.2
0.00
1.3
0
1.3
0
0
0
1.3
0.00
2.5
0
2.5
1.31
0
1.31
3.81
0.00
1
0
1
0.31115775
0
0.31115775
1.31115775
0.00
0.7
0
0.7
0
0
0
0.7
0.00
1
0
1
0.3
0
0.3
1.3
0.00
2.6
0
2.6
2.2
0
2.2
4.8
0.00
1.5
0
1.5
0.8
0
0.8
2.3
0.00
2
0
2
0.6
0
0.6
2.6
0.00
3
0
3
2
0
2
5
0.00
2.59696029
0
2.59696029
1.99766177
0
1.99766177
4.59462206
0.00
1.79428594
0
1.79428594
0
0
0
1.79428594
0.00
--
--
1.79438
2.39251
0
2.39251
4.18689
0.00
--
--
2.99106
2.79166
0
2.79166
5.78272
0.00
--
--
3
2
0
2
5
0.00
--
--
2.3
3
0
3
5.3
0.00
--
--
2
3
0
3
5
0.00
--
--
2.23
1.5
0
1.5
3.73
0.00
--
--
1.27
0
0
0
1.27
0.00
--
--
0.68
0.5
0
0.5
1.18
0.12
--
--
1
0
0
0
1
0.00
--
--
0.4
0
0
0
0.4
0.00
--
--
0
1
0
1
1
2.22
--
--
0
17
0
17
17
0.00
--
--
0
0.5
0.5
1
1
0.00
