6.1
0
6.1
0
0
0
6.1
0.00
5.6
0
5.6
1
0
1
6.6
0.00
5.5
0
5.5
1.7
0
1.7
7.2
0.00
4.7
0
4.7
1.5
0
1.5
6.2
0.00
4.5
0
4.5
1
0
1
5.5
0.00
5.5
0
5.5
1
0
1
6.5
0.00
5.9
0
5.9
0
0
0
5.9
0.00
4.8099999
0
4.8099999
0
0
0
4.8099999
0.00
4.72216971
0
4.72216971
0
0
0
4.72216971
0.00
5.09621168
0
5.09621168
0
0
0
5.09621168
0.00
4.843742903
0
4.843742903
0
0
0
4.843742903
0.00
2.95236821
0
2.95236821
0
0
0
2.95236821
0.00
2
0
2
0
0
0
2
0.00
2.8
0
2.8
0
0
0
2.8
0.00
2.7
0
2.7
0
0
0
2.7
0.00
1.7
0
1.7
0
0
0
1.7
0.00
--
--
1.7
0
0
0
1.7
0.00
--
--
1.5
0
0
0
1.5
0.00
2.3
0
2.3
0
0
0
2.3
0.00
--
--
2.7
0
0
0
2.7
0.00
--
--
2
0.4
0
0.4
2.4
0.57
--
--
2
0
0
0
2
0.00
--
--
2
0.7
0
0.7
2.7
0.64
--
--
1.8
1.8
0
1.8
3.6
0.83
--
--
0
3.5
0
3.5
3.5
0.82
--
--
0
3
1.7
4.7
4.7
0.84
--
--
0
2
0
2
2
1.07
--
--
0
5
0
5
5
0.00
--
--
0
2.14
0
2.14
2.14
0.00
