7
0
7
0
0
0
7
0.00
5.6
0
5.6
0
0
0
5.6
0.00
5
0
5
0
0
0
5
0.00
4.2
0
4.2
0
0
0
4.2
0.00
4.2
0
4.2
0
0
0
4.2
0.00
4.2
0
4.2
0
0
0
4.2
0.00
4.2
0
4.2
0
0
0
4.2
0.00
4
0
4
0
0
0
4
0.00
4
0
4
0
0
0
4
0.00
4
0
4
0
0
0
4
0.00
5
0
5
0
0
0
5
0.00
3.2
0
3.2
0
0
0
3.2
0.00
3.2
0
3.2
0
0
0
3.2
0.00
3.2
0
3.2
0
0
0
3.2
0.00
2.8
0
2.8
0
0
0
2.8
0.00
2.79598888
0
2.79598888
0
0
0
2.79598888
0.00
--
--
2.78232
0
0
0
2.78232
0.00
--
--
2.19919
0.49982
0
0.49982
2.69901
0.44
--
--
1.9998
0.49996
0
0.49996
2.49976
0.28
--
--
1.9747
0.4936
0
0.4936
2.4683
0.43
--
--
1.5
1
0
1
2.5
0.80
--
--
1.5
1
0
1
2.5
0.69
--
--
1.5
1
0
1
2.5
0.50
--
--
1.5
1
0
1
2.5
0.57
--
--
0
4
0
4
4
0.00
--
--
0
5.00339
0
5.00339
5.00339
0.00
