112000002,112/01/06^19,22,29,36,43,46,30
112000001,112/01/03^02,04,08,19,24,39,28
111000114,111/12/30^05,08,14,17,20,46,07
111000113,111/12/27^03,11,16,21,22,39,04
111000112,111/12/23^09,13,32,34,35,39,01
111000111,111/12/20^03,04,12,16,29,32,39
111000110,111/12/16^06,11,12,40,47,49,28
111000109,111/12/13^06,09,12,14,33,47,34
111000108,111/12/09^10,16,22,40,45,48,31
112000004,112/01/13^05,21,23,24,40,44,17
112000003,112/01/10^15,21,22,30,41,42,24
112000007,112/01/21^01,05,16,21,23,25,30
112000006,112/01/20^16,25,27,31,34,42,06
112000005,112/01/17^05,17,23,24,36,42,16
112000014,112/01/28^01,19,23,30,35,48,45
112000013,112/01/27^04,13,28,33,38,39,42
112000012,112/01/26^10,12,13,21,40,42,49
112000011,112/01/25^02,03,08,23,24,27,14
112000010,112/01/24^02,04,18,20,30,32,10
112000009,112/01/23^07,10,18,23,34,35,09
112000008,112/01/22^06,08,10,22,27,29,23
112000016,112/01/30^07,18,23,39,41,43,25
112000015,112/01/29^02,08,09,15,27,31,42
112000021,112/02/04^02,14,20,21,22,49,38
112000020,112/02/03^03,14,25,29,44,45,46
112000019,112/02/02^08,13,19,21,31,45,37
112000018,112/02/01^05,08,19,23,33,46,48
112000017,112/01/31^01,26,33,36,40,42,37
112000024,112/02/10^07,11,24,28,33,46,03
112000023,112/02/07^03,08,11,18,28,47,05
112000022,112/02/05^05,19,25,33,38,42,41
112000026,112/02/17^07,09,14,16,26,33,27
112000025,112/02/14^11,22,23,30,31,49,14
112000028,112/02/24^15,38,39,40,45,48,02
112000027,112/02/21^01,05,06,11,26,46,41
112000030,112/03/03^13,16,18,22,34,42,14
112000029,112/02/28^02,11,25,26,27,35,10
112000032,112/03/10^15,19,29,32,39,40,35
112000031,112/03/07^13,17,23,25,32,41,16
112000034,112/03/17^06,07,10,24,29,40,16
112000033,112/03/14^03,04,11,12,20,37,05
112000036,112/03/24^02,14,26,34,40,46,13
112000035,112/03/21^03,11,20,30,41,45,28
112000037,112/03/28^03,10,26,35,37,44,
