112000003,112/01/09^17,24,10,37,09,31
112000002,112/01/05^04,15,18,11,36,25
112000001,112/01/02^35,05,27,03,28,04
111000104,111/12/29^28,29,21,19,35,02
111000103,111/12/26^29,31,14,21,09,04
111000102,111/12/22^13,19,23,33,37,36
111000101,111/12/19^07,11,01,20,03,13
111000100,111/12/15^29,23,21,16,07,34
111000099,111/12/12^06,20,26,12,25,24
112000004,112/01/12^36,20,08,34,22,04
112000006,112/01/19^10,03,25,33,14,15
112000005,112/01/16^13,03,17,11,38,23
112000008,112/01/26^28,22,23,36,03,11
112000007,112/01/23^15,23,33,17,38,07
112000009,112/01/30^23,27,34,28,11,10
112000010,112/02/02^35,14,38,15,09,20
112000012,112/02/09^37,33,27,24,01,02
112000011,112/02/06^26,06,09,23,04,11
112000014,112/02/16^32,06,05,18,25,38
112000013,112/02/13^08,23,10,15,28,18
112000016,112/02/23^26,30,19,33,10,34
112000015,112/02/20^24,22,08,02,27,16
112000018,112/03/02^12,03,27,18,26,34
112000017,112/02/27^06,01,20,10,03,17
112000020,112/03/09^37,38,25,17,29,35
112000019,112/03/06^28,17,02,20,13,25
112000022,112/03/16^03,06,23,21,16,22
112000021,112/03/13^21,34,16,11,30,10
112000024,112/03/23^02,12,11,10,33,36
112000023,112/03/20^38,06,20,09,29,36
112000025,112/03/27^22,30,09,28,12,18
