第113003期,2024-01-09^12,29,31,37,44,49,03
第113002期,2024-01-05^02,20,23,30,35,47,40
第113001期,2024-01-02^04,14,18,21,36,38,01
第112116期,2023-12-29^01,11,23,31,39,46,17
第112115期,2023-12-26^08,19,28,29,30,46,10
第112114期,2023-12-22^08,09,20,34,35,49,40
第112113期,2023-12-19^14,18,20,26,38,48,02
第112112期,2023-12-15^01,09,22,28,33,39,07
第112111期,2023-12-12^06,20,30,33,38,46,16
第113004期,2024-01-12^04,25,29,38,42,46,06
第113021期,2024-02-16^19,24,33,42,43,45,16
第113020期,2024-02-15^04,08,18,19,20,33,03
第113019期,2024-02-14^07,12,19,26,32,39,44
第113018期,2024-02-13^02,03,06,39,44,47,34
第113017期,2024-02-12^16,22,37,46,47,49,04
第113016期,2024-02-11^11,13,23,29,44,45,27
第113015期,2024-02-10^05,06,11,13,28,34,04
第113014期,2024-02-09^03,07,16,20,25,30,37
第113013期,2024-02-08^05,08,25,31,39,47,22
第113024期,2024-02-19^02,10,17,32,38,48,08
第113023期,2024-02-18^06,12,24,32,36,44,45
第113022期,2024-02-17^04,05,20,27,32,40,06
第113025期,2024-02-20^06,08,17,27,34,46,25
第113026期,2024-02-21^13,21,25,27,31,43,47
第113027期,2024-02-22^09,11,18,31,39,46,05
第113028期,2024-02-23^03,08,09,21,34,49,22
第113029期,2024-02-24^08,15,21,27,46,48,31
第113012期,2024-02-07^20,22,31,34,35,37,07
#1130226以下四行是因為資料庫沒有，所以我自己補上，免得程式一直清不掉的
第113007期,2024-02-06^14,19,23,26,34,40,05
第113008期,2024-02-06^14,19,23,26,34,40,05
第113009期,2024-02-06^14,19,23,26,34,40,05
第113010期,2024-02-06^14,19,23,26,34,40,05
第113011期,2024-02-06^14,19,23,26,34,40,05
第113030期,2024-02-27^07,15,17,29,41,42,28
第113031期,2024-03-01^01,29,30,39,46,47,17
第113032期,2024-03-05^10,15,21,24,26,38,37
第113033期,2024-03-08^07,26,27,29,36,40,32
第113034期,2024-03-12^03,13,22,27,45,49,17
第113035期,2024-03-15^08,18,33,37,40,43,31
第113036期,2024-03-19^08,14,19,20,21,36,28
第113039期,2024-03-29^02,03,13,15,43,48,01
第113038期,2024-03-26^06,19,21,29,32,46,11
第113037期,2024-03-22^04,16,38,40,41,48,35
第113040期,2024-04-02^27,32,38,39,46,49,24
第113041期,2024-04-05^04,31,35,38,40,48,18
第113042期,2024-04-09^03,16,17,19,22,26,01
第113043期,2024-04-12^03,05,12,15,17,39,24
第113044期,2024-04-16^05,08,17,33,35,40,10
第113045期,2024-04-19^07,10,16,22,31,46,42
第113046期,2024-04-23^13,14,17,32,33,36,31
第113047期,2024-04-26^13,21,22,26,33,34,35
第113048期,2024-04-30^03,09,13,22,33,43,14
第113049期,2024-05-03^06,11,12,22,34,39,42
第113050期,2024-05-07^07,09,15,28,30,33,26
第113051期,2024-05-10^15,19,30,35,38,41,25
第113052期,2024-05-14^06,07,10,25,32,43,33
第113053期,2024-05-17^15,33,34,40,41,49,27
第113054期,2024-05-21^01,30,34,35,38,42,15
第113055期,2024-05-24^04,23,24,28,30,40,41
第113056期,2024-05-28^12,17,18,21,33,37,09
第113057期,2024-05-31^08,14,16,19,23,32,49
第113058期,2024-06-04^07,30,33,34,35,46,49
第113059期,2024-06-07^19,24,29,36,37,43,17
第113060期,2024-06-11^07,10,12,27,36,46,18
第113061期,2024-06-14^01,07,09,18,36,47,32
第113062期,2024-06-18^06,24,31,35,36,42,18
第113063期,2024-06-21^02,17,31,42,44,46,10
第113064期,2024-06-25^06,08,12,29,41,48,14
