第113003期,2024-01-08^01,03,16,20,29,33,01
第113002期,2024-01-04^02,03,06,12,24,28,05
第113001期,2024-01-01^11,16,17,18,28,35,04
第112104期,2023-12-28^07,08,18,20,23,31,08
第112103期,2023-12-25^05,07,16,19,20,32,02
第112102期,2023-12-21^03,10,13,34,37,38,04
第112101期,2023-12-18^05,18,20,24,31,36,02
第112100期,2023-12-14^04,16,17,19,32,35,05
第112099期,2023-12-11^09,19,21,23,26,32,05
第113005期,2024-01-15^10,15,21,27,29,35,08
第113004期,2024-01-11^04,10,16,17,22,34,05
第113014期,2024-02-15^02,07,17,22,32,33,04
第113013期,2024-02-12^02,18,21,28,30,35,08
第113012期,2024-02-08^10,15,20,24,25,34,02
第113011期,2024-02-05^01,16,18,21,30,38,06
第113010期,2024-02-01^04,13,21,23,25,29,07
第113009期,2024-01-29^06,15,22,25,32,36,03
第113008期,2024-01-25^03,10,11,17,26,29,01
第113007期,2024-01-22^09,12,14,17,27,31,06
第113006期,2024-01-18^02,04,06,14,31,34,03
第113015期,2024-02-19^05,06,18,26,33,38,05
第113016期,2024-02-22^04,13,14,17,24,25,04
第113017期,2024-02-26^04,07,11,12,35,37,08
第113018期,2024-02-29^01,02,11,17,24,29,04
第113019期,2024-03-04^03,05,10,24,37,38,07
第113020期,2024-03-07^03,11,13,17,20,27,02
第113021期,2024-03-11^05,11,14,26,30,33,03
第113022期,2024-03-14^02,11,12,15,21,30,06
第113023期,2024-03-18^02,10,11,19,23,35,01
第113026期,2024-03-28^02,09,15,19,24,31,04
第113025期,2024-03-25^02,15,16,23,24,38,05
第113024期,2024-03-21^01,08,16,17,26,38,07
第113027期,2024-04-01^03,09,27,35,36,37,02
第113028期,2024-04-04^03,14,17,22,24,33,01
第113029期,2024-04-08^05,06,08,11,18,23,05
第113030期,2024-04-11^11,12,14,25,30,36,03
第113031期,2024-04-15^06,07,08,14,27,36,07
第113032期,2024-04-18^02,16,18,21,34,37,05
第113033期,2024-04-22^02,14,19,22,31,35,01
第113034期,2024-04-25^03,20,31,34,36,37,07
第113035期,2024-04-29^08,19,25,30,31,35,07
第113036期,2024-05-02^13,17,24,26,33,35,06
第113037期,2024-05-06^04,13,25,30,31,34,07
第113038期,2024-05-09^03,05,08,23,24,26,05
第113039期,2024-05-13^15,20,23,26,33,35,07
第113040期,2024-05-16^01,02,10,13,18,30,01
第113041期,2024-05-20^01,05,07,19,32,33,03
第113042期,2024-05-23^04,08,14,21,25,37,03
第113043期,2024-05-27^01,04,20,26,29,33,04
第113044期,2024-05-30^06,07,16,21,27,31,06
第113045期,2024-06-03^03,04,11,22,35,36,03
第113046期,2024-06-06^05,13,17,25,33,38,01
第113047期,2024-06-10^05,11,15,26,28,29,07
第113048期,2024-06-13^02,05,15,18,32,35,03
第113049期,2024-06-17^05,22,28,29,30,31,08
第113050期,2024-06-20^10,11,24,27,30,36,07
第113051期,2024-06-24^07,13,16,22,25,26,08
第113052期,2024-06-27^02,11,14,15,17,29,01
