2.7
0
2.7
0
0
0
2.7
0.00
2.7
0
2.7
0
0
0
2.7
0.00
2.5
0
2.5
0
0
0
2.5
0.00
2.5
0
2.5
0
0
0
2.5
0.00
5.5
0
5.5
0
0
0
5.5
0.00
2.1
0
2.1
0
0
0
2.1
0.00
2
0
2
0
0
0
2
0.00
1.4
0
1.4
0.4
0
0.4
1.8
0.00
1.5
0
1.5
0.6
0
0.6
2.1
0.00
1.4
0
1.4
0.6
0
0.6
2
0.00
1
0
1
0.7
0
0.7
1.7
0.00
1.4
0
1.4
0.6
0
0.6
2
0.00
0.8
0
0.8
1
0
1
1.8
0.00
0.44
0
0.44
0.44
0
0.44
0.88
0.00
--
--
2
0.5
0
0.5
2.5
0.00
--
--
0.6
0.6
0
0.6
1.2
0.00
--
--
0.65
0
0
0
0.65
0.00
--
--
0.36
0
0
0
0.36
0.00
--
--
0.6
0
0
0
0.6
0.00
--
--
0.35
0
0
0
0.35
0.00
--
--
0.6
0.3
0
0.3
0.9
0.00
--
--
0.6
0.58
0.02
0.6
1.2
0.00
--
--
0.8
0.76
0.04
0.8
1.6
0.00
--
--
1
0.95
0.05
1
2
0.00
--
--
0
1.85
0.15
2
2
0.00
--
--
0
1.85
0.15
2
2
0.00
--
--
0
1.85
0.15
2
2
0.00
--
--
0
2.2
0.8
3
3
0.00
--
--
0
0.6
1.4
2
2
0.00
--
--
0
1.8
0.2
2
2
0.00
--
--
0
1.901
0.1
2.001
2.001
0.00
--
--
0
1.6
0.1
1.7
1.7
0.00
--
--
0
3
0.2
3.2
3.2
0.00
--
--
0.8
1.76
0.2
1.96
2.76
0.00
--
--
1.1
1.7
0.3
2
3.1
0.00
--
--
0
1.5
0.2
1.7
1.7
0.00
--
--
0
1
0.2
1.2
1.2
0.00
--
--
0
1
0.6
1.6
1.6
0.00
--
--
0
1.5
0.75
2.25
2.25
0.00
