6
0
6
0
0
0
6
0.00
6
0
6
0
0
0
6
0.00
5
0
5
0
0
0
5
0.00
5
0
5
0
0
0
5
0.00
5
0
5
0
0
0
5
0.00
5
0
5
0
0
0
5
0.00
5
0
5
0
0
0
5
0.00
5
0
5
0
0
0
5
0.00
3.8
0
3.8
0
0
0
3.8
0.00
2.8
0
2.8
0
0
0
2.8
0.00
3
0
3
0
0
0
3
0.00
3.5
0
3.5
0
0
0
3.5
0.00
3
0
3
0
0
0
3
0.00
2.4
0
2.4
0
0
0
2.4
0.00
--
--
2.6
0
0
0
2.6
0.00
--
--
2
0
0
0
2
0.00
--
--
1.6
0
0
0
1.6
0.00
--
--
1.2
0
0
0
1.2
0.00
--
--
1.6
0
0
0
1.6
0.00
--
--
1.8
0
0
0
1.8
0.00
--
--
1.2
0.6
0
0.6
1.8
0.00
--
--
1.3
0
0
0
1.3
0.00
--
--
0.6
0
0
0
0.6
0.00
--
--
0
0.8
0
0.8
0.8
0.00
--
--
0
1
0
1
1
0.00
--
--
0
1.3
0
1.3
1.3
0.00
--
--
0
1.8
0
1.8
1.8
0.00
--
--
0
1.3
0
1.3
1.3
0.00
--
--
0.4
1
0
1
1.4
0.00
--
--
0.55
0
0.75
0.75
1.3
0.00
