8.2
0
8.2
0
0
0
8.2
0.00
2.4
0
2.4
0
0
0
2.4
0.00
4.4
0
4.4
0
0
0
4.4
0.00
5.8
0
5.8
0
0
0
5.8
0.00
5.7
0
5.7
0
0
0
5.7
0.00
4.6
0
4.6
0
0
0
4.6
0.00
3.6
0
3.6
0
0
0
3.6
0.00
1.7
0
1.7
0
0
0
1.7
0.00
1.9
0
1.9
0
0
0
1.9
0.00
1.2
0
1.2
0.4
0
0.4
1.6
0.00
4
0
4
0
0
0
4
0.00
6.8
0
6.8
0
0
0
6.8
0.00
4
0
4
0
0
0
4
0.00
1.8
0
1.8
0.7
0
0.7
2.5
0.00
--
--
6.7
0
0
0
6.7
0.00
--
--
4.4
0
0
0
4.4
0.00
--
--
4.1
0.3
0
0.3
4.4
0.00
--
--
3.6
0.9
0
0.9
4.5
0.00
--
--
1.8
0.3
0.3
0.6
2.4
0.00
--
--
1.2
0.3
0.3
0.6
1.8
0.00
--
--
0.7
0.7
0
0.7
1.4
0.00
--
--
1
0.7
0.3
1
2
0.00
--
--
0.9
0.6
0.3
0.9
1.8
0.00
--
--
0.7
0.6
0.1
0.7
1.4
0.00
--
--
0
1.4
0
1.4
1.4
0.00
--
--
0.9
0.9
0
0.9
1.8
0.00
--
--
1.1
1
0
1
2.1
0.00
--
--
1.1
1.1
0
1.1
2.2
0.00
--
--
0.9
0.8
0
0.8
1.7
0.00
--
--
1
0.9
0
0.9
1.9
0.00
--
--
1.1
1
0
1
2.1
0.00
--
--
1.1
1.1
0
1.1
2.2
0.00
--
--
1
1.1
0
1.1
2.1
0.00
--
--
1
2
0
2
3
0.00
--
--
1
1.7
0.1
1.8
2.8
0.00
--
--
0.9
1.7
0.1
1.8
2.7
0.00
--
--
1.2
1.1
0.1
1.2
2.4
0.00
--
--
1.3
1.2
0.3
1.5
2.8
0.00
--
--
1
1
0.4
1.4
2.4
0.00
