7.5
0
7.5
0
0
0
7.5
0.00
2.4
0
2.4
0
0
0
2.4
0.00
2.2
0
2.2
0
0
0
2.2
0.00
5
0
5
0
0
0
5
0.00
5.1
0
5.1
0
0
0
5.1
0.00
4.5
0
4.5
0
0
0
4.5
0.00
3.3
0
3.3
0
0
0
3.3
0.00
2.3
0
2.3
0
0
0
2.3
0.00
1.9
0
1.9
0
0
0
1.9
0.00
0.3
0
0.3
0.1
0
0.1
0.4
0.00
2.1
0
2.1
0
0
0
2.1
0.00
4.7
0
4.7
0
0
0
4.7
0.00
1.9
0
1.9
0
0
0
1.9
0.00
0.8
0
0.8
0.3
0
0.3
1.1
0.00
--
--
6.7
0
0
0
6.7
0.00
--
--
5
0
0
0
5
0.00
--
--
3.7
0
0.3
0.3
4
0.00
--
--
3.6
0
0.6
0.6
4.2
0.00
--
--
1.8
0
0.6
0.6
2.4
0.00
--
--
1.2
0.2
0.4
0.6
1.8
0.00
--
--
0.7
0.3
0.4
0.7
1.4
0.00
--
--
1.1
0.8
0.3
1.1
2.2
0.00
--
--
1
0.6
0.4
1
2
0.00
--
--
0.6
0.6
0.5
1.1
1.7
0.00
--
--
0
1.7
0
1.7
1.7
0.00
--
--
1.1
1.1
0
1.1
2.2
0.00
--
--
1.15
1.15
0
1.15
2.3
0.00
--
--
1.15
1.15
0
1.15
2.3
0.00
--
--
1.05
1.05
0
1.05
2.1
0.00
--
--
1.1
1.1
0
1.1
2.2
0.00
--
--
1.1
1.2
0
1.2
2.3
0.00
--
--
1.1
1.2
0
1.2
2.3
0.00
--
--
1
1.3
0
1.3
2.3
0.00
--
--
1
1.8
0
1.8
2.8
0.00
--
--
1
1.7
0.1
1.8
2.8
0.00
--
--
0.9
1.6
0.1
1.7
2.6
0.00
--
--
1.2
1.1
0.1
1.2
2.4
0.00
--
--
1.3
1.2
0.3
1.5
2.8
0.00
--
--
1
1
0.6
1.6
2.6
0.00
