1.5
0
1.5
0
0
0
1.5
0.00
1.35
0
1.35
0
0
0
1.35
0.00
1.5
0
1.5
0
0
0
1.5
0.00
1.8
0
1.8
0
0
0
1.8
0.00
1.2
0
1.2
0
0
0
1.2
0.00
0.8
0
0.8
0
0
0
0.8
0.00
1
0
1
0
0
0
1
0.00
1.2
0
1.2
0
0.2
0.2
1.4
0.00
1.3
0
1.3
0
0.2
0.2
1.5
0.00
1.3
0
1.3
0.2
0
0.2
1.5
0.00
1.7
0
1.7
0.3
0
0.3
2
0.00
2
0
2
0.3
0
0.3
2.3
0.00
1.3
0
1.3
0.2
0
0.2
1.5
0.00
0.8
0
0.8
0.2
0
0.2
1
0.00
--
--
1.8
0.2
0
0.2
2
0.00
--
--
1.3
0.3
0
0.3
1.6
0.00
--
--
1
0.6
0
0.6
1.6
0.00
--
--
1
0.8
0
0.8
1.8
0.00
--
--
0.4981
0.4981
0.1992
0.6973
1.1954
0.00
--
--
0.3
0.3
0.4
0.7
1
0.00
--
--
0.2
0
0.5
0.5
0.7
0.00
--
--
0.2
0
0.4
0.4
0.6
0.00
--
--
0.3
0.3
0.9
1.2
1.5
0.00
--
--
0.3
0
0.7
0.7
1
0.00
--
--
0.3
0.5
0.7
1.2
1.5
0.00
--
--
0.2
0.3
0.5
0.8
1
0.00
--
--
0.3
0.3
0.6
0.9
1.2
0.00
--
--
0.3
0.7
0.8
1.5
1.8
0.00
--
--
0.4
0
0.8
0.8
1.2
0.00
--
--
1
0.3
0.2
0.5
1.5
0.00
--
--
1.2
0.5
0.3
0.8
2
0.00
--
--
1
0.2
0.3
0.5
1.5
0.00
--
--
1.8
1.24
0.56
1.8
3.6
0.00
--
--
2
2.09
0.41
2.5
4.5
0.00
--
--
1.5
2.53
0.47
3
4.5
0.00
--
--
1.1
1.55
0.65
2.2
3.3
0.00
--
--
0.7
0
0.97
0.97
1.67
0.00
--
--
0.7
0.7
1.3
2
2.7
0.00
--
--
0.4
0.4
1.4
1.8
2.2
0.00
