1
0
1
0
0
0
1
0.00
0.6
0
0.6
0
0
0
0.6
0.00
0
0
0
0
0
0
0
0.00
2
0
2
0
0
0
2
0.00
1.5
0
1.5
0
0
0
1.5
0.00
1.5
0
1.5
0
0
0
1.5
0.00
1.5
0
1.5
0
0
0
1.5
0.00
1.8
0
1.8
0
0
0
1.8
0.00
2
0
2
0
0
0
2
0.00
1.3
0
1.3
0
0
0
1.3
0.00
1
0
1
0
0
0
1
0.00
1.25
0
1.25
0
0
0
1.25
0.00
1
0
1
0
0
0
1
0.00
0.5
0
0.5
0
0
0
0.5
0.00
--
--
1.5
0
0
0
1.5
0.00
--
--
1.7
0
0
0
1.7
0.00
--
--
1.5
0
0
0
1.5
0.00
--
--
2
0
0
0
2
0.00
--
--
2.2
0
0
0
2.2
0.00
--
--
2.2
0
0
0
2.2
0.00
--
--
2
0
0
0
2
0.00
--
--
0
1.8
0.2
2
2
0.00
--
--
0
3
0
3
3
0.00
--
--
1
1.873
0.127
2
3
0.00
--
--
0
1.8
1
2.8
2.8
0.00
--
--
0
1.2
1.3
2.5
2.5
0.00
--
--
0
1
1.5
2.5
2.5
0.00
--
--
0
1.5
1
2.5
2.5
0.00
--
--
0.5
1.5
0.5
2
2.5
0.00
--
--
0
2.4
0
2.4
2.4
0.00
--
--
0
1.65
0
1.65
1.65
0.00
--
--
0
1.44
0
1.44
1.44
0.00
