4
0
4
0
0
0
4
0.00
2.6
0.2
2.8
0
0
0
2.8
0.00
4.8
0.2
5
0
0
0
5
0.00
5.3
0
5.3
0
0
0
5.3
0.00
4.3
0.3
4.6
0
0
0
4.6
0.00
4.5
0
4.5
0
0
0
4.5
0.00
4.5
0
4.5
0
0
0
4.5
0.00
8.3
0
8.3
0
0
0
8.3
0.00
8.3
0
8.3
0
0
0
8.3
0.00
7.4
0
7.4
0
0
0
7.4
0.00
8
0
8
0
0
0
8
0.00
7.2
0
7.2
0
0
0
7.2
0.00
5.6
0
5.6
0
0
0
5.6
0.00
4.65
0
4.65
0
0
0
4.65
0.00
--
--
5
0.5
0
0.5
5.5
1.02
--
--
4.3
0.5
0
0.5
4.8
0.89
--
--
4.2
0.3
0
0.3
4.5
0.70
--
--
4.5
0.2
0
0.2
4.7
1.27
--
--
3.6
0.2
0
0.2
3.8
1.19
--
--
2.4
0.2
0
0.2
2.6
0.80
--
--
2.1
0.5
0
0.5
2.6
0.80
--
--
1.8
1
0
1
2.8
0.87
--
--
0.7
1
0
1
1.7
0.31
--
--
1.6
0
0
0
1.6
0.00
--
--
0.6
2
0
2
2.6
0.00
--
--
0.6
1.2
0
1.2
1.8
0.00
--
--
0
0
0
0
0
0.00
--
--
0
0
0
0
0
0.00
--
--
0
0
0
0
0
0.00
--
--
0
0
0
0
0
0.00
