3
0
3
0
0
0
3
0.00
3.86
0
3.86
0
0
0
3.86
0.00
3.76
0
3.76
0
0
0
3.76
0.00
3.5
0
3.5
0
0
0
3.5
0.00
2.26844415
0
2.26844415
0
0
0
2.26844415
0.00
2.17630907
0
2.17630907
0
0
0
2.17630907
0.00
2
0
2
0
0
0
2
0.00
1.7
0
1.7
0
0
0
1.7
0.00
2.7
0
2.7
0
0
0
2.7
0.00
1.1
0
1.1
0
0
0
1.1
0.00
1
0
1
0
0
0
1
0.00
1
0
1
0
0
0
1
0.00
1
0
1
0
0
0
1
0.00
0.5
0
0.5
0
0
0
0.5
0.00
--
--
0.7
0
0
0
0.7
0.00
--
--
0.8
0
0
0
0.8
0.00
--
--
0.75
0
0
0
0.75
0.00
--
--
0.6
0
0
0
0.6
0.00
--
--
0
0.5
0.2
0.7
0.7
0.00
--
--
0.5
0
0
0
0.5
0.00
--
--
0.5
0
0
0
0.5
0.00
--
--
0.45
0
0
0
0.45
0.00
--
--
0.7
0.5
0.3
0.8
1.5
0.67
--
--
1
0.2
0.5
0.7
1.7
0.23
--
--
0
1
1
2
2
0.12
