1.5
0
1.5
0
0
0
1.5
0.00
1.5
0
1.5
0
0
0
1.5
0.00
4.5
0
4.5
0
0
0
4.5
0.00
2.5
0
2.5
0
0
0
2.5
0.00
2
0
2
0
0
0
2
0.00
3.4
0
3.4
0
0
0
3.4
0.00
3.2
0
3.2
0
0
0
3.2
0.00
2.92
0
2.92
0
0
0
2.92
0.00
0.41
2.51
2.92
0
0
0
2.92
0.00
2.92
0
2.92
0
0
0
2.92
0.00
2.1860079
0
2.1860079
0.04990885
0
0.04990885
2.23591675
0.18
1.97
0
1.97
0.05
0
0.05
2.02
0.19
2.71195158
0
2.71195158
0.050036
0
0.050036
2.76198758
0.18
2.34061583
0
2.34061583
0.04980033
0
0.04980033
2.39041616
0.16
2.27
0
2.27
0.05
0
0.05
2.32
0.19
2.87
0
2.87
0.05
0
0.05
2.92
0.62
2.24979687
0
2.24979687
0.04999548
0
0.04999548
2.29979235
0.50
1.4
0
1.4
0.05
0
0.05
1.45
0.91
--
--
2.95
0.05
0
0.05
3
1.83
--
--
3.28575
0.06845
0
0.06845
3.3542
1.88
--
--
2.36
0.04916
0
0.04916
2.40916
1.85
--
--
2
0.2
0
0.2
2.2
1.94
--
--
1.4
1
0
1
2.4
2.17
--
--
1.4
0.6
1
1.6
3
1.88
--
--
1.264
1.264
0
1.264
2.528
1.47
--
--
0.5
2.5
0
2.5
3
2.90
--
--
0
0.9
0.6
1.5
1.5
1.06
--
--
0
0
0
0
0
0.00
--
--
0.5
2
0.2
2.2
2.7
2.35
--
--
0
2.5
0.5
3
3
2.63
--
--
0.6
3
0
3
3.6
0.00
--
--
0
1
0
1
1
0.00
--
--
0
1.1
0
1.1
1.1
0.00
--
--
0
1
0
1
1
0.00
