5.5
0
5.5
0
0
0
5.5
0.00
5.5
0
5.5
0
0
0
5.5
0.00
5
0
5
0
0
0
5
0.00
5
0
5
0
0
0
5
0.00
5
0
5
0
0
0
5
0.00
5
0
5
0
0
0
5
0.00
5
0
5
0
0
0
5
0.00
6.7
0
6.7
0
0
0
6.7
0.00
5.8
0
5.8
0
0
0
5.8
0.00
5.29101501
0
5.29101501
0
0
0
5.29101501
0.00
3.49448218
0
3.49448218
0
0
0
3.49448218
0.00
5.19546489
0
5.19546489
0
0
0
5.19546489
0.00
4.19902898
0
4.19902898
0
0
0
4.19902898
0.00
3.5
0
3.5
0.1
0.1
0.2
3.7
1.13
--
--
5.5
0.1
0.1
0.2
5.7
1.73
--
--
4.5
0.1
0.4
0.5
5
1.95
--
--
3
0.5
0
0.5
3.5
2.01
--
--
2.41194
0.48238
0
0.48238
2.89432
1.93
--
--
2.25
0.5
0
0.5
2.75
2.11
--
--
2
0.5
0
0.5
2.5
1.66
--
--
1.25
1.5
0
1.5
2.75
1.68
--
--
2.25
2.25
0
2.25
4.5
2.10
--
--
2
2.5
0
2.5
4.5
2.33
--
--
2
2
0
2
4
1.96
--
--
1.5
2
0
2
3.5
1.98
--
--
0.5
2
0
2
2.5
0.00
--
--
0.5
2
0
2
2.5
0.00
--
--
0
2
0
2
2
0.00
--
--
0
2
0
2
2
0.00
--
--
0
1.241
0
1.241
1.241
0.00
--
--
0
1
0
1
1
0.00
--
--
0
1
0
1
1
0.00
--
--
0
1
0
1
1
0.00
--
--
1
2.5
0
2.5
3.5
0.00
--
--
0
5
0
5
5
0.00
--
--
0
10
0
10
10
0.00
--
--
1
0
0
0
1
0.00
--
--
0
2
0
2
2
0.00
--
--
0
2.5
0
2.5
2.5
0.00
