1.6
0.4
2
0
0
0
2
0.00
1.2
0.4
1.6
0
0
0
1.6
0.00
1
0.2
1.2
0
0
0
1.2
0.00
1
0.2
1.2
0
0
0
1.2
0.00
1
0.2
1.2
0
0
0
1.2
0.00
1.00006377
0.20001275
1.20007652
0
0
0
1.20007652
0.00
1.00044974
0.20008994
1.20053968
0
0
0
1.20053968
0.00
1.00002258
0.50001129
1.50003387
0
0
0
1.50003387
0.00
0.49973875
0.49973875
0.9994775
0
0
0
0.9994775
0.00
1.00690125
0
1.00690125
0
0
0
1.00690125
0.00
1.39971259
0
1.39971259
0
0
0
1.39971259
0.00
2.70920242
0
2.70920242
0
0
0
2.70920242
0.00
2.36760227
0
2.36760227
0
0.19730018
0.19730018
2.56490245
0.00
1.5
0
1.5
0.02
0.03
0.05
1.55
1.64
--
--
2.4
0.02
0.03
0.05
2.45
1.43
--
--
1.7
0.02
0.03
0.05
1.75
0.93
--
--
1.46919
0.19589
0.09795
0.29384
1.76303
0.93
--
--
1.09313
0.19875
0.19875
0.3975
1.49063
0.70
--
--
2.0459
0.20459
0.51148
0.71607
2.76197
1.28
--
--
1
0.5
1
1.5
2.5
1.40
--
--
0.5
1
1
2
2.5
1.29
--
--
0.5
1.5
1
2.5
3
1.92
--
--
2
0.7
2.3
3
5
2.29
--
--
1
3.5
0
3.5
4.5
2.87
--
--
0
1
3
4
4
2.91
--
--
0
0.6
2.4
3
3
0.58
--
--
0.5
0.3
1.2
1.5
2
0.00
--
--
0
1.5
1
2.5
2.5
0.00
--
--
0
1
1
2
2
0.00
--
--
0
0
1
1
1
0.00
--
--
1.4
0.3
1.4
1.7
3.1
0.00
--
--
0
1.5
1.6
3.1
3.1
0.00
--
--
1.2
0
0
0
1.2
0.00
