5
0
5
0
0
0
5
0.00
3.3
0
3.3
0
0
0
3.3
0.00
2.6
0
2.6
0
0
0
2.6
0.00
2
0
2
0
0
0
2
0.00
2.2
0
2.2
0
0
0
2.2
0.00
1
0
1
0
0
0
1
0.00
1.5
0
1.5
0.5
0
0.5
2
0.00
3.3
0
3.3
0
0
0
3.3
0.00
2.8
0
2.8
0
0
0
2.8
0.00
2
0
2
0
0
0
2
0.00
3.99945549
0
3.99945549
0
0
0
3.99945549
0.00
2.24816094
0
2.24816094
0
0
0
2.24816094
0.00
2.40141492
0
2.40141492
0.99232021
0
0.99232021
3.39373513
0.00
1.3
0
1.3
1
0
1
2.3
0.27
--
--
2
1
0
1
3
1.07
--
--
1.75
0.5
0
0.5
2.25
1.09
--
--
1.5
1
0
1
2.5
1.21
--
--
1
1
0
1
2
1.25
--
--
2
1
0
1
3
1.31
--
--
1.5
1
0
1
2.5
1.47
--
--
1
1
0
1
2
1.48
--
--
0.5
2.5
0
2.5
3
1.71
--
--
1
3
0
3
4
1.23
--
--
1
3
0
3
4
1.26
--
--
0
2
3
5
5
0.96
--
--
0
4
1
5
5
1.00
--
--
0.5
1.5
0
1.5
2
0.00
--
--
0
1.5
0
1.5
1.5
0.00
--
--
0.2
0.8
0
0.8
1
0.00
--
--
1
0
0
0
1
0.00
