3
0
3
0
0
0
3
0.00
1.8
0
1.8
0
0
0
1.8
0.00
1.8
0
1.8
0
0
0
1.8
0.00
2.8
0
2.8
0
0
0
2.8
0.00
2.5
0
2.5
0
0
0
2.5
0.00
2.5
0
2.5
0
0
0
2.5
0.00
2
0
2
0
0
0
2
0.00
2.20054352
0
2.20054352
0
0
0
2.20054352
0.00
1.6
0
1.6
0
0
0
1.6
0.00
1
0
1
0
0
0
1
0.00
0.3
0
0.3
0
0
0
0.3
0.00
1.8
0
1.8
0
0
0
1.8
0.00
1.2
0
1.2
0
0
0
1.2
0.00
0.3
0
0.3
0
0
0
0.3
0.00
--
--
1.8
0
0
0
1.8
0.00
--
--
2
0
0
0
2
0.00
--
--
1
0
0
0
1
0.00
--
--
0.8
0
0
0
0.8
0.00
--
--
0
0.40672
0
0.40672
0.40672
0.28
--
--
0
0
0
0
0
0.00
--
--
0
0
0
0
0
0.00
--
--
0
0
0
0
0
0.00
--
--
0
0.6
0.6
1.2
1.2
0.22
--
--
0
1
0.5
1.5
1.5
0.37
--
--
0
1.5
1
2.5
2.5
0.00
--
--
0
1
1
2
2
0.00
--
--
0
1.85
0.15
2
2
0.00
--
--
0
1.76
0.25
2.01
2.01
0.00
--
--
0
1
0.8
1.8
1.8
0.00
--
--
0
2.7
0.3
3
3
0.00
