7.98039688
0
7.98039688
0
0
0
7.98039688
0.00
7.09279644
0
7.09279644
0
0
0
7.09279644
0.00
7.78932375
0
7.78932375
0.99863125
0
0.99863125
8.787955
0.00
6.79567182
0
6.79567182
0
0
0
6.79567182
0.00
6.59515558
0
6.59515558
0
0
0
6.59515558
0.00
6.297712
0
6.297712
0.99963683
0
0.99963683
7.29734883
0.00
6
0
6
0
0
0
6
0.00
5.99568283
0
5.99568283
0
0
0
5.99568283
0.00
5.27810437
0
5.27810437
0.99433488
0
0.99433488
6.27243925
0.00
4.88587852
0
4.88587852
0
0
0
4.88587852
0.00
4.9640204
0
4.9640204
0
0
0
4.9640204
0.00
3.5
0
3.5
0
0.999999984
0.999999984
4.499999984
0.00
4
0
4
0
0
0
4
0.00
2.99987924
0
2.99987924
0.0499979834
0
0.0499979834
3.0498772234
0.43
--
--
3.99914
0.49989
0
0.49989
4.49903
1.28
--
--
4.00543
0.50068
0
0.50068
4.50611
0.86
--
--
3.99786
0.19989
0
0.19989
4.19775
1.11
--
--
3.66889
0.4958
0
0.4958
4.16469
1.32
--
--
2.47982
0.49597
0
0.49597
2.97579
1.62
--
--
1.46617
1.46617
0
1.46617
2.93234
1.89
--
--
1.5
2
0
2
3.5
2.28
--
--
1
3
0
3
4
3.64
--
--
1
3
0
3
4
3.51
--
--
0
6
0
6
6
1.86
--
--
0
5
0
5
5
0.00
--
--
0
6
0
6
6
0.00
