2.5
0
2.5
0
0
0
2.5
0.00
2.50826908
0
2.50826908
0
0
0
2.50826908
0.00
1.39228981
0
1.39228981
0
0
0
1.39228981
0.00
1.62111496
0
1.62111496
0
0
0
1.62111496
0.00
1.59752619
0
1.59752619
0
0
0
1.59752619
0.00
1.58352593
0
1.58352593
0
0
0
1.58352593
0.00
1
0
1
0
0
0
1
0.00
1.5
0
1.5
0
0
0
1.5
0.00
2.5
0
2.5
0
0
0
2.5
0.00
2.1
0
2.1
0
0
0
2.1
0.00
1.6
0
1.6
0
0
0
1.6
0.00
1.6
0
1.6
0
0
0
1.6
0.00
1.2
0
1.2
0
0
0
1.2
0.00
0.9
0
0.9
0
0
0
0.9
0.00
--
--
1.2
0
0
0
1.2
0.00
--
--
0.7
0
0
0
0.7
0.00
--
--
0
0
0.5536
0.5536
0.5536
0.00
--
--
0
0
0.314
0.314
0.314
0.00
--
--
0
0
0
0
0
0.00
--
--
0
0
0
0
0
0.00
--
--
0
0
0
0
0
0.00
--
--
0
0
0
0
0
0.00
--
--
0
0
0
0
0
0.00
--
--
0
0.5
0
0.5
0.5
0.15
--
--
0
0.5
1
1.5
1.5
0.30
--
--
0
1.1
0.7
1.8
1.8
0.35
--
--
0
1.3
0.7
2
2
6.81
--
--
0
2
0
2
2
0.00
--
--
0
2.5
0
2.5
2.5
0.00
--
--
0
3
0
3
3
0.00
