0.5
0
0.5
0
0
0
0.5
0.00
0.5
0
0.5
0
0
0
0.5
0.00
0.5
0
0.5
0
0
0
0.5
0.00
0.6
0
0.6
0
0
0
0.6
0.00
0.8
0
0.8
0
0
0
0.8
0.00
0.9
0.1
1
0
0
0
1
0.00
1
0.3
1.3
0
0
0
1.3
0.00
0.99592089
0.24898022
1.24490111
0
0
0
1.24490111
0.00
1.7
0
1.7
0
0
0
1.7
0.00
1.47087305
0
1.47087305
0
0
0
1.47087305
0.00
1.3
0
1.3
0
0
0
1.3
0.00
1
0
1
0
0.2
0.2
1.2
0.00
0.6
0
0.6
0
0.6
0.6
1.2
0.00
0.6
0
0.6
0
0.5
0.5
1.1
0.00
--
--
0.61054
0.05088
0.76317
0.81405
1.42459
0.57
--
--
0.6
0.25
0.25
0.5
1.1
0.53
--
--
0
0
1
1
1
0.00
--
--
0
0
0
0
0
0.00
--
--
0
0
0
0
0
0.00
--
--
0
0
0
0
0
0.00
--
--
0
0
0
0
0
0.00
--
--
0
0
0
0
0
0.00
--
--
0
0
1
1
1
0.00
--
--
1
0
1
1
2
0.00
--
--
0
1.5
2
3.5
3.5
0.25
--
--
0
2.5
0.5
3
3
0.00
--
--
1
0
0
0
1
0.00
--
--
0
2.25
0.75
3
3
0.00
--
--
0
0
0
0
0
0.00
--
--
1
0
0
0
1
0.00
