0.9
0
0.9
0
0
0
0.9
0.00
0.87
0
0.87
0
0
0
0.87
0.00
0.72
0
0.72
0
0
0
0.72
0.00
0.79
0
0.79
0
0
0
0.79
0.00
0.71
0
0.71
0
0
0
0.71
0.00
0.84
0
0.84
0
0
0
0.84
0.00
0.83
0
0.83
0
0
0
0.83
0.00
0.72
0
0.72
0
0
0
0.72
0.00
0.7
0
0.7
0
0
0
0.7
0.00
0.8
0
0.8
0
0
0
0.8
0.00
1.5
0
1.5
0
0
0
1.5
0.00
0.81
0
0.81
0
0
0
0.81
0.00
0.86
0
0.86
0
0
0
0.86
0.00
0.89
0
0.89
0
0
0
0.89
0.00
--
--
0
0
0
0
0
0.00
--
--
0
0
0
0
0
0.00
--
--
0.88
0
0
0
0.88
0.00
--
--
1.05
0
0
0
1.05
0.00
--
--
1.03
0
0
0
1.03
0.00
--
--
0
0
0
0
0
0.00
--
--
0
0
0
0
0
0.00
--
--
0.57
0
0
0
0.57
0.00
--
--
0.6
0.092
0.308
0.4
1
0.12
--
--
0
0.83
0.57
1.4
1.4
0.33
--
--
0
0.869
0.665
1.534
1.534
0.26
--
--
0
1.04
0.59
1.63
1.63
0.37
--
--
0
1.45
0.35
1.8
1.8
0.64
--
--
0
1.75
0.25
2
2
0.00
--
--
0
0
0
0
0
0.00
--
--
0
2.47
0
2.47
2.47
0.00
