0.78
0
0.78
0.34
0
0.34
1.12
0.00
0.265
0
0.265
0.264
0
0.264
0.529
0.00
0.5603
0
0.5603
0.5603
0
0.5603
1.1206
0.00
0.545
0
0.545
0.545
0
0.545
1.09
0.00
0.5
0
0.5
0.45
0
0.45
0.95
0.00
0.7
0
0.7
0.5
0
0.5
1.2
0.00
0.63
0
0.63
0.62
0
0.62
1.25
0.00
0.62
0
0.62
0.62
0
0.62
1.24
0.00
0.7
0
0.7
0.3
0
0.3
1
0.00
0.5
0
0.5
0.5
0
0.5
1
0.00
0.5
0
0.5
0.5
0
0.5
1
0.00
0.3
0
0.3
0.6
0
0.6
0.9
0.00
0.2
0
0.2
0.549999999
0
0.549999999
0.749999999
0.00
0.7
0
0.7
0.3
0
0.3
1
0.00
--
--
1
0.2
0
0.2
1.2
0.00
--
--
1
0
0
0
1
0.00
--
--
1.4
0
0
0
1.4
0.00
--
--
0.7
0.7
0
0.7
1.4
0.00
--
--
0.2
1.6
0.2
1.8
2
0.00
--
--
0
0
0
0
0
0.00
--
--
0.2006
0
0.80241
0.80241
1.00301
0.00
