3.5
0
3.5
0
0
0
3.5
0.00
2.5
0
2.5
0
0
0
2.5
0.00
2
0
2
0
0
0
2
0.00
1.2
0.3
1.5
0
0
0
1.5
0.00
2.5
0
2.5
0
0
0
2.5
0.00
2
0
2
0
0
0
2
0.00
2
0
2
0
0
0
2
0.00
2
0
2
0
0
0
2
0.00
1.5
0
1.5
0.5
0
0.5
2
0.00
0.7
0
0.7
0.6775116372
0
0.6775116372
1.3775116372
0.00
0.5
0
0.5
0.5
0
0.5
1
0.00
0.6
0
0.6
0.2
0
0.2
0.8
0.00
0.5
0
0.5
0.5
0
0.5
1
0.00
0
0
0
0
0
0
0
0.00
--
--
2.5
0.5
0
0.5
3
0.00
--
--
1.5
0
0
0
1.5
0.00
--
--
1.49339
0.49719
0
0.49719
1.99058
0.00
--
--
2.49972
0
0
0
2.49972
0.00
--
--
2
0
0
0
2
0.00
--
--
1.5
0
0
0
1.5
0.00
--
--
1.5
0
0
0
1.5
0.00
