0.67
0
0.67
0.67392509
0
0.67392509
1.34392509
0.15
0.61
0
0.61
0.61111951
0
0.61111951
1.22111951
0.16
0.79106382
0
0.79106382
0.79693618
0
0.79693618
1.588
0.19
0.70998595
0
0.70998595
0.71101405
0
0.71101405
1.421
0.19
0.61258403
0
0.61258403
0.61261597
0
0.61261597
1.2252
0.19
0.49080461
0
0.49080461
0.74083715
0
0.74083715
1.23164176
0.20
0.43
0
0.43
1
0
1
1.43
0.23
0.4346757
0
0.4346757
0.8693514
0
0.8693514
1.3040271
0.21
0.27642623
0
0.27642623
0.89169752
0
0.89169752
1.16812375
0.21
0.3
0
0.3
1
0
1
1.3
0.25
0.2
0
0.2
0.5
0
0.5
0.7
0.15
0.2
0
0.2
0.7
0
0.7
0.9
0.14
0.1988502
0
0.1988502
0.39770039
0
0.39770039
0.59655059
0.14
0
0
0
0.3
0
0.3
0.3
0.10
--
--
0.4
0.4
0
0.4
0.8
0.24
--
--
0
0
0
0
0
0.00
--
--
1
0.2
0
0.2
1.2
0.26
--
--
1.1
0.3
0
0.3
1.4
0.29
--
--
1.0856
0.32569
0
0.32569
1.41129
0.35
--
--
0
0
0
0
0
0.00
--
--
0
0
0.8
0.8
0.8
0.00
