51.5
0
51.5
0
0
0
51.5
0.00
15.6
0
15.6
0
0
0
15.6
0.00
9
1.5
10.5
0
0
0
10.5
0.00
8.8
0
8.8
0
0
0
8.8
0.00
7.1
0
7.1
0
0
0
7.1
0.00
7
0
7
0
0
0
7
0.00
9
0
9
0
0
0
9
0.00
10
0
10
0
0
0
10
0.00
6
0
6
0
0
0
6
0.00
5.5929359
0
5.5929359
0
0
0
5.5929359
0.00
4.5988841
0
4.5988841
0
0
0
4.5988841
0.00
5.798363
0
5.798363
0
0
0
5.798363
0.00
4.999097
0
4.999097
0
0
0
4.999097
0.00
4.5
0
4.5
0.05
0
0.05
4.55
1.22
--
--
8.55981
0.09511
0
0.09511
8.65492
1.99
--
--
7.99869
0.19997
0
0.19997
8.19866
1.82
--
--
7.99172
1.09886
0
1.09886
9.09058
1.57
--
--
5.39951
1.34988
0
1.34988
6.74939
1.93
--
--
2.8
1.4
0
1.4
4.2
2.00
--
--
1.5
1.5
0
1.5
3
2.14
--
--
1
2
0
2
3
2.86
--
--
0
5
0
5
5
5.56
--
--
0
5
0
5
5
5.56
--
--
0
4
0
4
4
5.62
