3.7412
0.5588
4.3
0
0
0
4.3
0.00
3.38353
0.916
4.29953
0
0
0
4.29953
0.00
4.183
0.567
4.75
0
0
0
4.75
0.00
5.54897
0
5.54897
0
0
0
5.54897
0.00
5
0.6
5.6
0
0
0
5.6
0.00
5.208
0.392
5.6
0
0
0
5.6
0.00
5.6
0
5.6
0
0
0
5.6
0.00
5.6
0
5.6
0
0
0
5.6
0.00
5.6
0
5.6
0
0
0
5.6
0.00
5.4
0.1
5.5
0
0
0
5.5
0.00
5.16
0
5.16
0
0
0
5.16
0.00
4.1619
0
4.1619
0
0
0
4.1619
0.00
5.02783
0
5.02783
0
0
0
5.02783
0.00
4.68704
0
4.68704
0
0
0
4.68704
0.00
--
--
2.54326
0
0
0
2.54326
0.00
--
--
2.58757
0
0
0
2.58757
0.00
--
--
2.61677
0
0
0
2.61677
0.00
--
--
2.47302
0
0
0
2.47302
0.00
--
--
2.3758
0
0
0
2.3758
0.00
--
--
2
0.4
0
0.4
2.4
0.00
--
--
1.9
1.9
0
1.9
3.8
0.00
--
--
0
3.2022
0
3.2022
3.2022
0.97
--
--
0
3.8
0
3.8
3.8
0.00
--
--
1.8
0
0
0
1.8
0.00
--
--
0
0
0
0
0
0.00
