4
0
4
0
0
0
4
0.00
3.1
0
3.1
0
0
0
3.1
0.00
3.5
0
3.5
0
0
0
3.5
0.00
6.5
0
6.5
0
0
0
6.5
0.00
2.5
0
2.5
0.7
0
0.7
3.2
0.00
2
0
2
0
0
0
2
0.00
2
0
2
0
0
0
2
0.00
1.5
0
1.5
0.5
0
0.5
2
0.00
1
0
1
1.2000000712
0
1.2000000712
2.2000000712
0.00
0.3
0
0.3
1.2000000637
0
1.2000000637
1.5000000637
0.00
1.4
0.2
1.6
1.0000000882
0
1.0000000882
2.6000000882
0.00
1.85000001
0
1.85000001
0.7500000593
0.9999999661
1.7500000254
3.6000000354
0.00
1.751404
0
1.751404
0.68110178
0.97300255
1.65410433
3.40550833
0.00
2.2
0
2.2
0
0
0
2.2
0.00
--
--
2.88381
0.72096
0
0.72096
3.60477
2.40
--
--
1.5
2
0
2
3.5
3.11
--
--
1.5
1.5
0
1.5
3
2.67
--
--
0.76974
0.76975
0
0.76975
1.53949
1.37
--
--
0.5
1.3
0.2
1.5
2
1.60
--
--
0.5
1.5
0
1.5
2
1.29
--
--
1.5
0
0.5
0.5
2
0.00
--
--
5
4.6
15.4
20
25
0.00
--
--
0
2.22
0
2.22
2.22
0.00
