5.43393218
0
5.43393218
0
0
0
5.43393218
0.00
3.18428466
0
3.18428466
0
0
0
3.18428466
0.00
1.41080636
0
1.41080636
0
0
0
1.41080636
0.00
0.2
0
0.2
0
0
0
0.2
0.00
6
0
6
0
0
0
6
0.00
4
0
4
0
0
0
4
0.00
0.5
0
0.5
0
0
0
0.5
0.00
2.51844692
0
2.51844692
0
0
0
2.51844692
0.00
7.00362388
0
7.00362388
0.07311347
0
0.07311347
7.07673735
0.00
2.34747383
0
2.34747383
0
0
0
2.34747383
0.00
0.3
0
0.3
0
0
0
0.3
0.00
0
0
0
0
0
0
0
0.00
2.98033034
0
2.98033034
0
0
0
2.98033034
0.00
0
0
0
0
0
0
0
0.00
--
--
0.03231
0.24774
0
0.24774
0.28005
0.17
--
--
3.37694
0.48242
0
0.48242
3.85936
2.24
--
--
5.37163
1.46499
0
1.46499
6.83662
3.09
--
--
4.46077
1.98256
0
1.98256
6.44333
1.27
--
--
3.5
6.5
0
6.5
10
8.15
--
--
3
4.83
0.17
5
8
4.60
