1
0
1
0
0
0
1
0.00
0.8
0
0.8
0
0
0
0.8
0.00
0.6
0
0.6
0
0
0
0.6
0.00
0.5
0
0.5
0
0
0
0.5
0.00
1.2
0
1.2
0
0
0
1.2
0.00
1.4
0
1.4
0
0
0
1.4
0.00
0.7
0
0.7
0
0
0
0.7
0.00
0.6
0
0.6
0
0
0
0.6
0.00
1
0
1
0
0
0
1
0.00
0.7
0
0.7
0
0
0
0.7
0.00
1
0
1
0
0
0
1
0.00
1.4
0
1.4
0
0
0
1.4
0.00
1.6
0
1.6
0
0
0
1.6
0.00
1
0
1
0
0
0
1
0.00
--
--
1.4
0
0
0
1.4
0.00
--
--
1.4
0
0
0
1.4
0.00
--
--
1
0
0
0
1
0.00
--
--
0.85
0
0
0
0.85
0.00
--
--
0.7
0
0
0
0.7
0.00
--
--
0.5
0
0
0
0.5
0.00
--
--
0.5
0
0
0
0.5
0.00
--
--
0.6
0.6
0
0.6
1.2
0.00
--
--
0
2
0
2
2
0.00
--
--
0
2
0
2
2
0.00
--
--
0
1.64
0
1.64
1.64
0.00
--
--
0.5
1
0
1
1.5
0.00
--
--
1
2.5
0
2.5
3.5
0.00
--
--
0
2.6
0
2.6
2.6
0.00
--
--
0
0
1
1
1
0.00
