6.1
0
6.1
0
0
0
6.1
0.00
7.95
0
7.95
0
0
0
7.95
0.00
5.55
0
5.55
0
0
0
5.55
0.00
3.75
0
3.75
0
0
0
3.75
0.00
0.9
0.6
1.5
0
0
0
1.5
0.00
1.2
0.6
1.8
0
0
0
1.8
0.00
3.2
0
3.2
0
0
0
3.2
0.00
1.15
0.65
1.8
0
0
0
1.8
0.00
1.77
0.03
1.8
0
0
0
1.8
0.00
0.736
0.764
1.5
0
0
0
1.5
0.00
1.395
0
1.395
0
0
0
1.395
0.00
1.96
0
1.96
0
0
0
1.96
0.00
1.181
0
1.181
0
0
0
1.181
0.00
1.552
0
1.552
0
0
0
1.552
0.00
--
--
5
0
0
0
5
0.00
--
--
2.616
0
0
0
2.616
0.00
--
--
2.72
0
0
0
2.72
0.00
--
--
3.126
0
0
0
3.126
0.00
--
--
1.7
0
0
0
1.7
0.00
--
--
1.13
0
0
0
1.13
0.00
--
--
0.8
0
0
0
0.8
0.00
--
--
1.01
0
0.25
0.25
1.26
0.00
--
--
0.8
0
0.5
0.5
1.3
0.00
--
--
0.5
0.325
0.675
1
1.5
0.00
--
--
0
1.029
1.471
2.5
2.5
0.00
--
--
0
1.23
0.7
1.93
1.93
0.00
--
--
0
1.2
0.65
1.85
1.85
0.00
--
--
0
1.7
2.22
3.92
3.92
0.00
--
--
0
3
0.6
3.6
3.6
0.00
--
--
0.5
4.44
1.56
6
6.5
0.00
