2.8
0
2.8
0
0
0
2.8
0.00
2.32
0.48
2.8
0
0
0
2.8
0.00
2.77
0.23
3
0
0
0
3
0.00
2.5
0.5
3
0
0
0
3
0.00
2.2
0.8
3
0
0
0
3
0.00
3.99880758
0
3.99880758
0
0
0
3.99880758
0.00
3.09186966
0.39895092
3.49082058
0
0
0
3.49082058
0.00
3.09161789
0.39891843
3.49053632
0
0
0
3.49053632
0.00
3.44300209
0
3.44300209
0
0
0
3.44300209
0.00
3.1367028
0
3.1367028
0
0
0
3.1367028
0.00
3.5
0
3.5
0
0
0
3.5
0.00
3.498872
0
3.498872
0
0
0
3.498872
0.00
4.499197
0
4.499197
0
0
0
4.499197
0.00
2.457368
0
2.457368
0.49147359
0
0.49147359
2.94884159
0.38
--
--
3
1
0
1
4
1.48
--
--
2.4738
0.98953
0
0.98953
3.46333
1.72
--
--
0.96645
1.15975
0
1.15975
2.1262
0.98
--
--
1.17861
0.98217
0
0.98217
2.16078
1.16
--
--
1
2
0
2
3
0.95
--
--
1.49
1.49
0
1.49
2.98
0.94
--
--
1
2
0
2
3
0.95
--
--
0.6
2.4
0
2.4
3
0.95
--
--
0
2
1
3
3
0.58
