1.33256443
0
1.33256443
0
0
0
1.33256443
0.00
1.4
0
1.4
0
0
0
1.4
0.00
0.7
0
0.7
0
0
0
0.7
0.00
0.3
0
0.3
0
0
0
0.3
0.00
0.33882639
0
0.33882639
0.33882636
0
0.33882636
0.67765275
0.00
0
0
0
0
0
0
0
0.00
0
0
0
0
0
0
0
0.00
0
0
0
0
0
0
0
0.00
0
0.5
0.5
0
0
0
0.5
0.00
1.5
0
1.5
0
0
0
1.5
0.00
1.5
0
1.5
0.7
0.3
1
2.5
0.00
1.5
0
1.5
0.5
0.5
1
2.5
0.00
1.5
0
1.5
2
0
2
3.5
0.00
0.2
0
0.2
0.6
0
0.6
0.8
0.00
--
--
0.70318
1.3059
0
1.3059
2.00908
2.45
--
--
0.97949
1.07743
0.48974
1.56717
2.54666
1.43
--
--
0.6
1.2
0
1.2
1.8
1.87
--
--
0.30394
0.5066
0
0.5066
0.81054
0.86
--
--
0.3
1
0
1
1.3
1.57
--
--
0.3
0.65
0
0.65
0.95
0.96
--
--
0.3
1
0
1
1.3
1.26
--
--
0
2.5
0
2.5
2.5
0.83
--
--
0
4
0
4
4
0.95
--
--
0
5
0
5
5
0.00
