2.97
0.03
3
0
0
0
3
0.00
2.89
0.11
3
0
0
0
3
0.00
2.7
0.3
3
0
0
0
3
0.00
1.38
1.12
2.5
0
0
0
2.5
0.00
2.05
0.45
2.5
0
0
0
2.5
0.00
0
0.5
0.5
0
0
0
0.5
0.00
0.5
0
0.5
1.3
0
1.3
1.8
0.00
1.99451625
0
1.99451625
0
0
0
1.99451625
0.00
2.5
0
2.5
0
0
0
2.5
0.00
2
0
2
1
0
1
3
0.00
2.8
0
2.8
1
0
1
3.8
0.00
2.5
0
2.5
1.3
0
1.3
3.8
0.00
3.5
0
3.5
0
0
0
3.5
0.00
3
0
3
0
0
0
3
0.00
--
--
3.3
0
0
0
3.3
0.00
--
--
3
0
0
0
3
0.00
--
--
3
0
0
0
3
0.00
--
--
3
0
0
0
3
0.00
--
--
1.5
1.5
0
1.5
3
0.00
--
--
2.8
0
0
0
2.8
0.00
--
--
2
0
0
0
2
0.00
--
--
0
0
0
0
0
0.00
