1.1
0
1.1
1
0
1
2.1
0.00
1.5
0
1.5
1
0
1
2.5
0.00
1
0
1
1
0
1
2
0.00
2.1
0
2.1
0
0
0
2.1
0.00
1.5
0
1.5
0
0
0
1.5
0.00
1.23
0
1.23
0
0
0
1.23
0.00
1
0
1
0
0
0
1
0.00
1
0
1
0
0
0
1
0.00
1
0
1
0.3
0
0.3
1.3
0.00
1.6
0
1.6
0
0
0
1.6
0.00
1.3
0
1.3
0.5
0
0.5
1.8
0.00
1.5
0
1.5
0.7
0
0.7
2.2
0.00
1.5
0
1.5
0.5
0
0.5
2
0.00
1
0
1
1.1
0
1.1
2.1
0.00
--
--
0.9
1.3
0
1.3
2.2
0.00
--
--
2
0
0
0
2
0.00
--
--
0.5
1.2
0
1.2
1.7
0.00
--
--
1.4
0
0
0
1.4
0.00
--
--
1.36
0
0
0
1.36
0.00
--
--
1.36
0
0
0
1.36
0.00
--
--
1.34
0
0
0
1.34
0.00
--
--
1.36
0
0
0
1.36
0.00
--
--
1.5
0
0
0
1.5
0.00
--
--
0
1.89
0
1.89
1.89
0.28
--
--
1
0
0
0
1
0.00
