1.75
0
1.75
0
0
0
1.75
0.00
1.9
0
1.9
0
0
0
1.9
0.00
1.7
0
1.7
0
0
0
1.7
0.00
1.5
0
1.5
0
0
0
1.5
0.00
1.3
0
1.3
0
0
0
1.3
0.00
1.2
0
1.2
0
0
0
1.2
0.00
1.3
0
1.3
0
0
0
1.3
0.00
1.6
0
1.6
0
0
0
1.6
0.00
1.2
0
1.2
0
0
0
1.2
0.00
1.2
0
1.2
0
0
0
1.2
0.00
1.5
0
1.5
0
0
0
1.5
0.00
0.7
0
0.7
0.7
0
0.7
1.4
0.00
1
0
1
0.4
0
0.4
1.4
0.00
1.2
0
1.2
0
0
0
1.2
0.00
--
--
0.4
0.55
0.05
0.6
1
0.30
--
--
0.49453
0.49453
0
0.49453
0.98906
0.32
--
--
0.98955
0
0
0
0.98955
0.00
--
--
1.28795
0
0
0
1.28795
0.00
--
--
0.19567
0.78269
0
0.78269
0.97836
0.30
--
--
1
0
0
0
1
0.00
--
--
0.4
1.2
0
1.2
1.6
0.34
--
--
0.3
1.1
0
1.1
1.4
0.23
--
--
0.2
0.4
0
0.4
0.6
0.12
--
--
0
0.5
0
0.5
0.5
0.00
--
--
0
0
0
0
0
0.00
