0.8
0
0.8
0
0
0
0.8
0.00
0.5
0
0.5
0
0
0
0.5
0.00
0.61002886
0
0.61002886
0
0
0
0.61002886
0.00
0.6
0
0.6
0
0
0
0.6
0.00
0.69999999
0
0.69999999
1.79999989
0
1.79999989
2.49999988
0.00
0.7
0
0.7
0
0
0
0.7
0.00
0
0
0
0
0
0
0
0.00
0.5
0
0.5
0
0
0
0.5
0.00
1.42706388
0
1.42706388
0
0
0
1.42706388
0.00
0.11428529
0
0.11428529
0.1142852746
0
0.1142852746
0.2285705646
0.00
0.96999994
0
0.96999994
0
0
0
0.96999994
0.00
0.89388443
0
0.89388443
0
0
0
0.89388443
0.00
0.66229188
0
0.66229188
0
0
0
0.66229188
0.00
0.66
0
0.66
0
0
0
0.66
0.00
--
--
0.44537
0.44537
0
0.44537
0.89074
0.00
--
--
0.3
0.7
0
0.7
1
0.00
--
--
0.88
0
0
0
0.88
0.00
--
--
0.6
0
0
0
0.6
0.00
--
--
0
0.32
0
0.32
0.32
0.00
--
--
0
1.15
0
1.15
1.15
0.00
--
--
0.46
1
0
1
1.46
0.00
--
--
0.67
0
0
0
0.67
0.00
--
--
0
1.8
0.4
2.2
2.2
0.00
--
--
0.7
0
0
0
0.7
0.00
--
--
0
0.7
0
0.7
0.7
0.00
