4.1
0
4.1
0
0
0
4.1
0.00
3.7
0
3.7
0
0
0
3.7
0.00
4
0
4
2
0
2
6
0.00
6.7
0
6.7
1
0
1
7.7
0.00
5
0
5
0
0
0
5
0.00
5.2
0
5.2
0
0
0
5.2
0.00
5
0
5
1.2
0
1.2
6.2
0.00
3.7
0
3.7
0.3
0
0.3
4
0.00
3.3
0
3.3
0.4
0
0.4
3.7
0.00
2.2
0
2.2
0.4
0
0.4
2.6
0.00
1.8
0
1.8
0.3
0
0.3
2.1
0.00
1.8
0
1.8
0
0
0
1.8
0.00
1.8
0
1.8
0.6
0
0.6
2.4
0.00
1.2
0
1.2
0
0
0
1.2
0.00
--
--
2
0
0
0
2
0.00
--
--
1.4
0
0.24
0.24
1.64
0.00
--
--
1.8
0.7
0
0.7
2.5
0.00
--
--
1.8
0.8
0
0.8
2.6
0.00
--
--
1.6
0.8
0
0.8
2.4
0.00
--
--
2.2
0
0
0
2.2
0.00
--
--
1
1
0
1
2
0.00
--
--
0.8
1
0
1
1.8
0.00
--
--
0.5
1.6
0
1.6
2.1
0.00
--
--
0
2.5
0
2.5
2.5
0.00
--
--
0
3.8
0
3.8
3.8
0.00
--
--
0
3.5
0
3.5
3.5
0.00
--
--
1.2
1.3
0
1.3
2.5
0.00
--
--
0
4
0
4
4
0.00
--
--
1.4
1.8
0
1.8
3.2
0.00
--
--
1.5
1.5
0
1.5
3
0.00
--
--
2.7
0
0
0
2.7
0.00
--
--
1.5
3
0.5
3.5
5
0.00
--
--
2
3
4
7
9
0.00
