5
0
5
0
0
0
5
0.00
4.92
0.08
5
0
0
0
5
0.00
4
0
4
0
0
0
4
0.00
4
0
4
0
0
0
4
0.00
4
0
4
0
0
0
4
0.00
3
0.5
3.5
0
0
0
3.5
0.00
4
0
4
0
0
0
4
0.00
4
0
4
0
0
0
4
0.00
3.5
0
3.5
0.15
0
0.15
3.65
0.00
3.2
0.2
3.4
0
0
0
3.4
0.00
3.3
0
3.3
0
0
0
3.3
0.00
3.1
0
3.1
0
0
0
3.1
0.00
3
0
3
0
0
0
3
0.00
3
0
3
0
0
0
3
0.00
--
--
3.5
0
0
0
3.5
0.00
--
--
3
0
0
0
3
0.00
--
--
2.5
0
0.1
0.1
2.6
0.00
--
--
2.2
0.2
0
0.2
2.4
0.00
--
--
2
0
0
0
2
0.00
--
--
1.6
0
0.4
0.4
2
0.00
--
--
1.5
0.5
0
0.5
2
0.00
--
--
1
0.5
0.5
1
2
0.00
--
--
0.5
1.7
0
1.7
2.2
0.00
--
--
0.8
1.2
0
1.2
2
0.00
--
--
0
2
1
3
3
0.00
--
--
0
3
0
3
3
0.00
--
--
0
2
1
3
3
0.00
--
--
0
3
0
3
3
0.00
--
--
0.5
2.5
0
2.5
3
0.00
--
--
0
2.7
0
2.7
2.7
0.00
--
--
0
3.5
0
3.5
3.5
0.00
--
--
0
5.05
0
5.05
5.05
0.00
--
--
0
5.15
0
5.15
5.15
0.00
--
--
0
8
0
8
8
0.00
