1.7
0
1.7
0
0
0
1.7
0.00
1.6
0
1.6
0
0
0
1.6
0.00
1.35
0
1.35
0
0
0
1.35
0.00
1.15
0
1.15
0
0
0
1.15
0.00
1.2
0
1.2
0
0
0
1.2
0.00
1.15
0
1.15
0
0
0
1.15
0.00
1.2
0
1.2
0
0
0
1.2
0.00
1.1
0
1.1
0
0
0
1.1
0.00
1.2
0
1.2
0
0
0
1.2
0.00
1.2
0
1.2
0
0
0
1.2
0.00
1.2
0
1.2
0
0
0
1.2
0.00
1.4
0
1.4
0
0
0
1.4
0.00
0.7
0
0.7
0.6
0
0.6
1.3
0.00
1
0
1
0
0
0
1
0.00
--
--
1.3
0
0
0
1.3
0.00
--
--
1.3
0
0
0
1.3
0.00
--
--
0.55
0.55
0
0.55
1.1
0.14
--
--
1.1
0
0
0
1.1
0.00
--
--
1.13
0
0
0
1.13
0.00
--
--
1
0
0
0
1
0.00
--
--
0.93
0
0
0
0.93
0.00
--
--
1
0
0
0
1
0.00
--
--
0.5
1.05
0
1.05
1.55
0.28
--
--
0.8
0.8
0
0.8
1.6
0.18
--
--
0
1.75
0
1.75
1.75
0.48
--
--
0.5
1
0
1
1.5
0.00
--
--
0
1.5
0
1.5
1.5
0.00
--
--
0
1.5
0
1.5
1.5
0.00
--
--
0
1.5
0
1.5
1.5
0.00
--
--
0
1.5
0
1.5
1.5
0.00
