10
0
10
0
0
0
10
0.00
8
0
8
0
0
0
8
0.00
4.6
0
4.6
0
0
0
4.6
0.00
4.6
0
4.6
0
0
0
4.6
0.00
3.5
0
3.5
0
0
0
3.5
0.00
5
0
5
0
0
0
5
0.00
6.2
0
6.2
0
0
0
6.2
0.00
6.6
0
6.6
0
0
0
6.6
0.00
6
0
6
0
0
0
6
0.00
5.5
0
5.5
0
0
0
5.5
0.00
5.5
0
5.5
0
0
0
5.5
0.00
5
0
5
0
0
0
5
0.00
4.5
0
4.5
0
0
0
4.5
0.00
2
0
2
2
0
2
4
0.00
--
--
3
0.5
0
0.5
3.5
0.60
--
--
3
0
0
0
3
0.00
--
--
3
0
0
0
3
0.00
--
--
3
0
0
0
3
0.00
--
--
3
0
0
0
3
0.00
--
--
2
0
0
0
2
0.00
--
--
1
0.7
0
0.7
1.7
0.19
--
--
0.7
1.5
0
1.5
2.2
0.00
--
--
0.7
1.38
0.12
1.5
2.2
0.00
--
--
1
0.8
0.2
1
2
0.00
--
--
1
0.5
0.5
1
2
0.00
--
--
1
0
1
1
2
0.00
--
--
1
0
1
1
2
0.00
--
--
1
0.5
0.5
1
2
0.00
--
--
0.5
0
0
0
0.5
0.00
--
--
1
1
1
2
3
0.00
