2.4
0
2.4
0
0
0
2.4
0.00
2.6
0
2.6
0
0
0
2.6
0.00
2.6
0
2.6
0
0
0
2.6
0.00
2.4
0
2.4
0
0
0
2.4
0.00
2
0
2
0
0
0
2
0.00
2.8
0
2.8
0
0
0
2.8
0.00
2.8
0
2.8
0
0
0
2.8
0.00
2
0
2
0
0
0
2
0.00
2
0
2
0
0
0
2
0.00
1.5
0
1.5
0
0
0
1.5
0.00
1.2
0
1.2
0
0
0
1.2
0.00
1.2
0
1.2
0
0
0
1.2
0.00
1.5
0
1.5
0
0
0
1.5
0.00
0.7
0
0.7
0
0
0
0.7
0.00
--
--
1.5
0
0
0
1.5
0.00
--
--
2.5
0
0
0
2.5
0.00
--
--
4
0
0
0
4
0.00
--
--
1.2
0.1
0
0.1
1.3
1.43
--
--
1.75099
0
0
0
1.75099
0.00
--
--
1.35765
0
0
0
1.35765
0.00
--
--
2
0.5
0
0.5
2.5
0.00
--
--
0.8
0
0.4
0.4
1.2
0.00
--
--
0.8
0
0.7
0.7
1.5
0.00
--
--
0.6
1.2
0
1.2
1.8
1.09
--
--
0.6
0
0.6
0.6
1.2
0.00
--
--
0
0.3
0.5
0.8
0.8
0.00
--
--
0
0.3
0.3
0.6
0.6
0.00
--
--
0
1.2
0
1.2
1.2
0.00
--
--
0
1.5
0
1.5
1.5
0.00
--
--
0
1.25
0
1.25
1.25
0.00
