2
0
2
5
0
5
7
0.00
1
0
1
4
0
4
5
0.00
1
0
1
5
0
5
6
0.00
0
2
2
0
0
0
2
0.00
2
0
2
0
0
0
2
0.00
0
0
0
2
0
2
2
0.00
0
0
0
0
0
0
0
0.00
3.3992666
0.5975501
3.9968167
0
0
0
3.9968167
0.00
3.80276733
0.59685284
4.39962017
0
0
0
4.39962017
0.00
2.9126836
0
2.9126836
0
0
0
2.9126836
0.00
1.79999999
0
1.79999999
0
0
0
1.79999999
0.00
1
0
1
0
0
0
1
0.00
0.95
0
0.95
0
0
0
0.95
0.00
0.4
0
0.4
0
0
0
0.4
0.00
--
--
1.3
0
0
0
1.3
0.00
--
--
1.9
0
0
0
1.9
0.00
--
--
0.8
0
0
0
0.8
0.00
--
--
0
0
0
0
0
0.00
--
--
0
0
0
0
0
0.00
--
--
0
0
0
0
0
0.00
--
--
0
0
0
0
0
0.00
--
--
0
0
0
0
0
0.00
--
--
0
0
0
0
0
0.00
--
--
0
0
0
0
0
0.00
--
--
0
0
1
1
1
0.00
--
--
0
0
0
0
0
0.00
--
--
0
0
0
0
0
0.00
--
--
0
1.2
0
1.2
1.2
0.00
--
--
0
2
0
2
2
0.00
--
--
1.2
3
0
3
4.2
0.00
--
--
0
0
4
4
4
0.00
--
--
0.5
1.5
0
1.5
2
0.00
--
--
0
1.5
0
1.5
1.5
0.00
--
--
0
1
0
1
1
0.00
